2991
1.6893889E-03	3.4859509E+10
1.6898493E-03	4.2185318E+10
1.6903100E-03	4.2558605E+10
1.6907711E-03	4.2935781E+10
1.6912324E-03	4.3338240E+10
1.6916939E-03	4.3734024E+10
1.6921556E-03	4.4121793E+10
1.6926177E-03	4.4524295E+10
1.6930799E-03	4.4931087E+10
1.6935425E-03	4.5341479E+10
1.6940052E-03	4.5729855E+10
1.6944683E-03	4.6050872E+10
1.6949316E-03	4.6382442E+10
1.6953951E-03	4.6727775E+10
1.6958589E-03	4.7040675E+10
1.6963230E-03	4.7390952E+10
1.6967873E-03	4.7732411E+10
1.6972518E-03	4.8064236E+10
1.6977165E-03	4.8422796E+10
1.6981816E-03	4.8760002E+10
1.6986469E-03	4.9044774E+10
1.6991126E-03	4.9230964E+10
1.6995785E-03	4.9385350E+10
1.7000445E-03	4.9565064E+10
1.7005107E-03	4.9720524E+10
1.7009773E-03	4.9889228E+10
1.7014443E-03	5.0045836E+10
1.7019114E-03	5.0228235E+10
1.7023787E-03	5.0386262E+10
1.7028464E-03	5.0557333E+10
1.7033143E-03	5.0658580E+10
1.7037824E-03	5.0599229E+10
1.7042507E-03	5.0517370E+10
1.7047194E-03	5.0448126E+10
1.7051883E-03	5.0379007E+10
1.7056575E-03	5.0310012E+10
1.7061268E-03	5.0241016E+10
1.7065966E-03	5.0159770E+10
1.7070665E-03	5.0090973E+10
1.7075368E-03	5.0022409E+10
1.7080072E-03	4.9875450E+10
1.7084780E-03	4.9537637E+10
1.7089490E-03	4.9203143E+10
1.7094202E-03	4.8870928E+10
1.7098917E-03	4.8540527E+10
1.7103634E-03	4.8200829E+10
1.7108354E-03	4.7886802E+10
1.7113077E-03	4.7551648E+10
1.7117802E-03	4.7218509E+10
1.7122531E-03	4.6910481E+10
1.7127262E-03	4.6500308E+10
1.7131995E-03	4.5919166E+10
1.7136731E-03	4.5334363E+10
1.7141469E-03	4.4756187E+10
1.7146210E-03	4.4174610E+10
1.7150954E-03	4.3611251E+10
1.7155700E-03	4.3055158E+10
1.7160450E-03	4.2494972E+10
1.7165201E-03	4.1963059E+10
1.7169954E-03	4.1417106E+10
1.7174712E-03	4.0799927E+10
1.7179472E-03	4.0035068E+10
1.7184233E-03	3.9254589E+10
1.7188998E-03	3.8497712E+10
1.7193765E-03	3.7756257E+10
1.7198536E-03	3.7019263E+10
1.7203309E-03	3.6305294E+10
1.7208084E-03	3.5605142E+10
1.7212862E-03	3.4918501E+10
1.7217642E-03	3.4235810E+10
1.7222426E-03	3.3509880E+10
1.7227212E-03	3.2650864E+10
1.7232001E-03	3.1796838E+10
1.7236792E-03	3.0972698E+10
1.7241586E-03	3.0169695E+10
1.7246383E-03	2.9387487E+10
1.7251181E-03	2.8617792E+10
1.7255984E-03	2.7875031E+10
1.7260788E-03	2.7145814E+10
1.7265596E-03	2.6447480E+10
1.7270406E-03	2.5709614E+10
1.7275219E-03	2.4900724E+10
1.7280034E-03	2.4105405E+10
1.7284852E-03	2.3340240E+10
1.7289673E-03	2.2599405E+10
1.7294496E-03	2.1881894E+10
1.7299321E-03	2.1181870E+10
1.7304150E-03	2.0509156E+10
1.7308983E-03	1.9852345E+10
1.7313818E-03	1.9226535E+10
1.7318653E-03	1.8589845E+10
1.7323494E-03	1.7950228E+10
1.7328337E-03	1.7322031E+10
1.7333182E-03	1.6718998E+10
1.7338030E-03	1.6137613E+10
1.7342879E-03	1.5572088E+10
1.7347733E-03	1.5030454E+10
1.7352588E-03	1.4507067E+10
1.7357448E-03	1.3997993E+10
1.7362309E-03	1.3510595E+10
1.7367173E-03	1.3049930E+10
1.7372039E-03	1.2623549E+10
1.7376909E-03	1.2215525E+10
1.7381781E-03	1.1821136E+10
1.7386656E-03	1.1435679E+10
1.7391534E-03	1.1065861E+10
1.7396414E-03	1.0705443E+10
1.7401298E-03	1.0358867E+10
1.7406184E-03	1.0023503E+10
1.7411072E-03	9.6989063E+09
1.7415963E-03	9.4092267E+09
1.7420857E-03	9.1903388E+09
1.7425754E-03	8.9780853E+09
1.7430654E-03	8.7725292E+09
1.7435557E-03	8.5717382E+09
1.7440461E-03	8.3737843E+09
1.7445369E-03	8.1818027E+09
1.7450281E-03	7.9925439E+09
1.7455195E-03	7.8095279E+09
1.7460111E-03	7.6304911E+09
1.7465029E-03	7.4844431E+09
1.7469951E-03	7.4047934E+09
1.7474876E-03	7.3300923E+09
1.7479802E-03	7.2595837E+09
1.7484734E-03	7.1846359E+09
1.7489666E-03	7.1154104E+09
1.7494601E-03	7.0436235E+09
1.7499540E-03	6.9741267E+09
1.7504481E-03	6.9035843E+09
1.7509426E-03	6.8354363E+09
1.7514373E-03	6.7866781E+09
1.7519323E-03	6.7864919E+09
1.7524275E-03	6.7892607E+09
1.7529230E-03	6.7904366E+09
1.7534188E-03	6.7932027E+09
1.7539149E-03	6.7943886E+09
1.7544113E-03	6.7987681E+09
1.7549079E-03	6.7983672E+09
1.7554049E-03	6.8011585E+09
1.7559021E-03	6.8039552E+09
1.7563996E-03	6.8151358E+09
1.7568974E-03	6.8508953E+09
1.7573955E-03	6.8883041E+09
1.7578937E-03	6.9243454E+09
1.7583923E-03	6.9621929E+09
1.7588912E-03	6.9986378E+09
1.7593903E-03	7.0369200E+09
1.7598899E-03	7.0737677E+09
1.7603897E-03	7.1124768E+09
1.7608898E-03	7.1497718E+09
1.7613901E-03	7.1909132E+09
1.7618907E-03	7.2367618E+09
1.7623915E-03	7.2815042E+09
1.7628927E-03	7.3282176E+09
1.7633941E-03	7.3735955E+09
1.7638959E-03	7.4209465E+09
1.7643980E-03	7.4669187E+09
1.7649003E-03	7.5149231E+09
1.7654030E-03	7.5614876E+09
1.7659059E-03	7.6101660E+09
1.7664090E-03	7.6546266E+09
1.7669124E-03	7.6873136E+09
1.7674161E-03	7.7212549E+09
1.7679201E-03	7.7536082E+09
1.7684245E-03	7.7861442E+09
1.7689292E-03	7.8205875E+09
1.7694341E-03	7.8551956E+09
1.7699392E-03	7.8881870E+09
1.7704447E-03	7.9231408E+09
1.7709505E-03	7.9564434E+09
1.7714566E-03	7.9811206E+09
1.7719630E-03	7.9796821E+09
1.7724696E-03	7.9785812E+09
1.7729765E-03	7.9756364E+09
1.7734837E-03	7.9745475E+09
1.7739912E-03	7.9716445E+09
1.7744990E-03	7.9705855E+09
1.7750071E-03	7.9677157E+09
1.7755155E-03	7.9666913E+09
1.7760241E-03	7.9656909E+09
1.7765331E-03	7.9453326E+09
1.7770424E-03	7.8943726E+09
1.7775518E-03	7.8362127E+09
1.7780617E-03	7.7838349E+09
1.7785719E-03	7.7264879E+09
1.7790822E-03	7.6748812E+09
1.7795931E-03	7.6184443E+09
1.7801040E-03	7.5676539E+09
1.7806153E-03	7.5121617E+09
1.7811269E-03	7.4605456E+09
1.7816388E-03	7.3909458E+09
1.7821509E-03	7.2787076E+09
1.7826634E-03	7.1673282E+09
1.7831762E-03	7.0562293E+09
1.7836893E-03	6.9470111E+09
1.7842026E-03	6.8411080E+09
1.7847163E-03	6.7372212E+09
1.7852304E-03	6.6320830E+09
1.7857446E-03	6.5333192E+09
1.7862590E-03	6.4334590E+09
1.7867739E-03	6.3176205E+09
1.7872890E-03	6.1644086E+09
1.7878045E-03	6.0156197E+09
1.7883203E-03	5.8671852E+09
1.7888363E-03	5.7257281E+09
1.7893526E-03	5.5886068E+09
1.7898693E-03	5.4545108E+09
1.7903862E-03	5.3249603E+09
1.7909034E-03	5.2008431E+09
1.7914209E-03	5.0800601E+09
1.7919388E-03	4.9490307E+09
1.7924570E-03	4.7913240E+09
1.7929754E-03	4.6390035E+09
1.7934940E-03	4.4936338E+09
1.7940131E-03	4.3559211E+09
1.7945324E-03	4.2270835E+09
1.7950521E-03	4.1052271E+09
1.7955720E-03	3.9926380E+09
1.7960921E-03	3.8876152E+09
1.7966127E-03	3.7911762E+09
1.7971336E-03	3.6938773E+09
1.7976547E-03	3.5823805E+09
1.7981762E-03	3.4821983E+09
1.7986980E-03	3.3957901E+09
1.7992200E-03	3.3232565E+09
1.7997422E-03	3.2643241E+09
1.8002649E-03	3.2204850E+09
1.8007879E-03	3.1926043E+09
1.8013112E-03	3.1822213E+09
1.8018347E-03	3.1898401E+09
1.8023585E-03	3.2092308E+09
1.8028828E-03	3.2361452E+09
1.8034072E-03	3.2869647E+09
1.8039320E-03	3.3641743E+09
1.8044570E-03	3.4701180E+09
1.8049824E-03	3.6076466E+09
1.8055080E-03	3.7785736E+09
1.8060341E-03	3.9863338E+09
1.8065604E-03	4.2344942E+09
1.8070871E-03	4.5263411E+09
1.8076140E-03	4.8625622E+09
1.8081412E-03	5.2440246E+09
1.8086687E-03	5.6842454E+09
1.8091965E-03	6.1900156E+09
1.8097247E-03	6.7672850E+09
1.8102531E-03	7.4231648E+09
1.8107820E-03	8.1658291E+09
1.8113111E-03	9.0035862E+09
1.8118406E-03	9.9460279E+09
1.8123703E-03	1.1003736E+10
1.8129002E-03	1.2186270E+10
1.8134306E-03	1.3504888E+10
1.8139612E-03	1.4977809E+10
1.8144920E-03	1.6620639E+10
1.8150234E-03	1.8449903E+10
1.8155549E-03	2.0485019E+10
1.8160868E-03	2.2745691E+10
1.8166190E-03	2.5252944E+10
1.8171514E-03	2.8032465E+10
1.8176843E-03	3.1110589E+10
1.8182173E-03	3.4513804E+10
1.8187508E-03	3.8274589E+10
1.8192846E-03	4.2428057E+10
1.8198187E-03	4.7010600E+10
1.8203531E-03	5.2063480E+10
1.8208877E-03	5.7628791E+10
1.8214227E-03	6.3756054E+10
1.8219580E-03	7.0495073E+10
1.8224937E-03	7.7902126E+10
1.8230297E-03	8.6037644E+10
1.8235659E-03	9.4964360E+10
1.8241025E-03	1.0475357E+11
1.8246393E-03	1.1547948E+11
1.8251765E-03	1.2722621E+11
1.8257140E-03	1.4007826E+11
1.8262519E-03	1.5413189E+11
1.8267902E-03	1.6948499E+11
1.8273286E-03	1.8624729E+11
1.8278674E-03	2.0453280E+11
1.8284065E-03	2.2447214E+11
1.8289459E-03	2.4619117E+11
1.8294856E-03	2.6984182E+11
1.8300258E-03	2.9556712E+11
1.8305662E-03	3.2352915E+11
1.8311068E-03	3.5389907E+11
1.8316479E-03	3.8686922E+11
1.8321893E-03	4.2262235E+11
1.8327308E-03	4.6137821E+11
1.8332729E-03	5.0334178E+11
1.8338151E-03	5.4875988E+11
1.8343579E-03	5.9787715E+11
1.8349008E-03	6.5095226E+11
1.8354440E-03	7.0825619E+11
1.8359877E-03	7.7008707E+11
1.8365316E-03	8.3676253E+11
1.8370758E-03	9.0858005E+11
1.8376203E-03	9.8588445E+11
1.8381652E-03	1.0690553E+12
1.8387104E-03	1.1584416E+12
1.8392559E-03	1.2544559E+12
1.8398018E-03	1.3574732E+12
1.8403479E-03	1.4679489E+12
1.8408945E-03	1.5863295E+12
1.8414413E-03	1.7131037E+12
1.8419884E-03	1.8487053E+12
1.8425359E-03	1.9936623E+12
1.8430836E-03	2.1484910E+12
1.8436318E-03	2.3137739E+12
1.8441803E-03	2.4900180E+12
1.8447291E-03	2.6778126E+12
1.8452782E-03	2.8777617E+12
1.8458276E-03	3.0904882E+12
1.8463774E-03	3.3166259E+12
1.8469275E-03	3.5568021E+12
1.8474779E-03	3.8117034E+12
1.8480287E-03	4.0819979E+12
1.8485799E-03	4.3683726E+12
1.8491312E-03	4.6715385E+12
1.8496829E-03	4.9921936E+12
1.8502349E-03	5.3310439E+12
1.8507873E-03	5.6889123E+12
1.8513401E-03	6.0664740E+12
1.8518931E-03	6.4644750E+12
1.8524465E-03	6.8836674E+12
1.8530003E-03	7.3248167E+12
1.8535543E-03	7.7885819E+12
1.8541086E-03	8.2758597E+12
1.8546634E-03	8.7871786E+12
1.8552183E-03	9.3234845E+12
1.8557737E-03	9.8852787E+12
1.8563294E-03	1.0473421E+13
1.8568855E-03	1.1088444E+13
1.8574419E-03	1.1731103E+13
1.8579985E-03	1.2401967E+13
1.8585556E-03	1.3101707E+13
1.8591129E-03	1.3830661E+13
1.8596707E-03	1.4589667E+13
1.8602288E-03	1.5379129E+13
1.8607872E-03	1.6199158E+13
1.8613457E-03	1.7050448E+13
1.8619049E-03	1.7933385E+13
1.8624642E-03	1.8847916E+13
1.8630240E-03	1.9794643E+13
1.8635840E-03	2.0773368E+13
1.8641443E-03	2.1784196E+13
1.8647051E-03	2.2827398E+13
1.8652661E-03	2.3902774E+13
1.8658276E-03	2.5010173E+13
1.8663893E-03	2.6149188E+13
1.8669514E-03	2.7319720E+13
1.8675139E-03	2.8521153E+13
1.8680766E-03	2.9752961E+13
1.8686397E-03	3.1014728E+13
1.8692031E-03	3.2305457E+13
1.8697670E-03	3.3624510E+13
1.8703311E-03	3.4971173E+13
1.8708955E-03	3.6343806E+13
1.8714604E-03	3.7741878E+13
1.8720254E-03	3.9163951E+13
1.8725910E-03	4.0608540E+13
1.8731568E-03	4.2074330E+13
1.8737230E-03	4.3559366E+13
1.8742895E-03	4.5062170E+13
1.8748562E-03	4.6580883E+13
1.8754235E-03	4.8114327E+13
1.8759910E-03	4.9659445E+13
1.8765589E-03	5.1214783E+13
1.8771271E-03	5.2778067E+13
1.8776957E-03	5.4346924E+13
1.8782646E-03	5.5919052E+13
1.8788339E-03	5.7491712E+13
1.8794034E-03	5.9062074E+13
1.8799733E-03	6.0628182E+13
1.8805437E-03	6.2187105E+13
1.8811143E-03	6.3736243E+13
1.8816853E-03	6.5272564E+13
1.8822567E-03	6.6793564E+13
1.8828283E-03	6.8296203E+13
1.8834004E-03	6.9777437E+13
1.8839727E-03	7.1234506E+13
1.8845454E-03	7.2664560E+13
1.8851185E-03	7.4063742E+13
1.8856919E-03	7.5429939E+13
1.8862657E-03	7.6759993E+13
1.8868397E-03	7.8051371E+13
1.8874143E-03	7.9301115E+13
1.8879890E-03	8.0506460E+13
1.8885643E-03	8.1664766E+13
1.8891399E-03	8.2773315E+13
1.8897157E-03	8.3829208E+13
1.8902919E-03	8.4830119E+13
1.8908684E-03	8.5772584E+13
1.8914454E-03	8.6655592E+13
1.8920227E-03	8.7476738E+13
1.8926002E-03	8.8233961E+13
1.8931783E-03	8.8925465E+13
1.8937567E-03	8.9549623E+13
1.8943353E-03	9.0104452E+13
1.8949143E-03	9.0588770E+13
1.8954937E-03	9.1001295E+13
1.8960735E-03	9.1340256E+13
1.8966536E-03	9.1604120E+13
1.8972340E-03	9.1793038E+13
1.8978149E-03	9.1906646E+13
1.8983961E-03	9.1944437E+13
1.8989776E-03	9.1906260E+13
1.8995594E-03	9.1791994E+13
1.9001416E-03	9.1601886E+13
1.9007243E-03	9.1336314E+13
1.9013071E-03	9.0995797E+13
1.9018905E-03	9.0580401E+13
1.9024742E-03	9.0090146E+13
1.9030583E-03	8.9527546E+13
1.9036427E-03	8.8894002E+13
1.9042273E-03	8.8190771E+13
1.9048124E-03	8.7419728E+13
1.9053980E-03	8.6582342E+13
1.9059838E-03	8.5680767E+13
1.9065700E-03	8.4717043E+13
1.9071565E-03	8.3693384E+13
1.9077435E-03	8.2611406E+13
1.9083307E-03	8.1472570E+13
1.9089184E-03	8.0280940E+13
1.9095063E-03	7.9039645E+13
1.9100946E-03	7.7750806E+13
1.9106835E-03	7.6417774E+13
1.9112725E-03	7.5043620E+13
1.9118618E-03	7.3631016E+13
1.9124517E-03	7.2182967E+13
1.9130418E-03	7.0702930E+13
1.9136324E-03	6.9192733E+13
1.9142233E-03	6.7654629E+13
1.9148146E-03	6.6093310E+13
1.9154062E-03	6.4512274E+13
1.9159983E-03	6.2914433E+13
1.9165906E-03	6.1303239E+13
1.9171834E-03	5.9681530E+13
1.9177764E-03	5.8052020E+13
1.9183699E-03	5.6418463E+13
1.9189636E-03	5.4782609E+13
1.9195579E-03	5.3147010E+13
1.9201525E-03	5.1513596E+13
1.9207473E-03	4.9886011E+13
1.9213427E-03	4.8267674E+13
1.9219384E-03	4.6660942E+13
1.9225344E-03	4.5068121E+13
1.9231308E-03	4.3491375E+13
1.9237276E-03	4.1932927E+13
1.9243248E-03	4.0394798E+13
1.9249222E-03	3.8878523E+13
1.9255201E-03	3.7385718E+13
1.9261185E-03	3.5916122E+13
1.9267171E-03	3.4473639E+13
1.9273162E-03	3.3060062E+13
1.9279155E-03	3.1675843E+13
1.9285153E-03	3.0323198E+13
1.9291153E-03	2.9002201E+13
1.9297159E-03	2.7714001E+13
1.9303167E-03	2.6459698E+13
1.9309180E-03	2.5239787E+13
1.9315196E-03	2.4053720E+13
1.9321216E-03	2.2901578E+13
1.9327240E-03	2.1784842E+13
1.9333267E-03	2.0704186E+13
1.9339299E-03	1.9659485E+13
1.9345334E-03	1.8650887E+13
1.9351372E-03	1.7678072E+13
1.9357415E-03	1.6741176E+13
1.9363462E-03	1.5839682E+13
1.9369512E-03	1.4973498E+13
1.9375565E-03	1.4141619E+13
1.9381624E-03	1.3343109E+13
1.9387684E-03	1.2578261E+13
1.9393750E-03	1.1846832E+13
1.9399819E-03	1.1147838E+13
1.9405892E-03	1.0480903E+13
1.9411969E-03	9.8449197E+12
1.9418050E-03	9.2394288E+12
1.9424134E-03	8.6635031E+12
1.9430222E-03	8.1164500E+12
1.9436313E-03	7.5970929E+12
1.9442409E-03	7.1048646E+12
1.9448509E-03	6.6385520E+12
1.9454613E-03	6.1976712E+12
1.9460720E-03	5.7809724E+12
1.9466830E-03	5.3877424E+12
1.9472946E-03	5.0170317E+12
1.9479065E-03	4.6678497E+12
1.9485187E-03	4.3393853E+12
1.9491314E-03	4.0307056E+12
1.9497443E-03	3.7413979E+12
1.9503578E-03	3.4710021E+12
1.9509715E-03	3.2178112E+12
1.9515858E-03	2.9809087E+12
1.9522004E-03	2.7594879E+12
1.9528153E-03	2.5527852E+12
1.9534307E-03	2.3599634E+12
1.9540465E-03	2.1803859E+12
1.9546626E-03	2.0131858E+12
1.9552791E-03	1.8577182E+12
1.9558959E-03	1.7140817E+12
1.9565132E-03	1.5823855E+12
1.9571309E-03	1.4604931E+12
1.9577490E-03	1.3477800E+12
1.9583674E-03	1.2436707E+12
1.9589863E-03	1.1475620E+12
1.9596056E-03	1.0590211E+12
1.9602252E-03	9.7742350E+11
1.9608452E-03	9.0235118E+11
1.9614657E-03	8.3336540E+11
1.9620867E-03	7.7070663E+11
1.9627078E-03	7.1466342E+11
1.9633293E-03	6.6368173E+11
1.9639512E-03	6.1711871E+11
1.9645737E-03	5.7488702E+11
1.9651963E-03	5.3655719E+11
1.9658196E-03	5.0170411E+11
1.9664434E-03	4.7028547E+11
1.9670674E-03	4.4186951E+11
1.9676916E-03	4.1634102E+11
1.9683163E-03	3.9353320E+11
1.9689414E-03	3.7356814E+11
1.9695670E-03	3.5583942E+11
1.9701929E-03	3.4019896E+11
1.9708192E-03	3.2634485E+11
1.9714460E-03	3.1419644E+11
1.9720732E-03	3.0367025E+11
1.9727007E-03	2.9450334E+11
1.9733286E-03	2.8663115E+11
1.9739571E-03	2.7995018E+11
1.9745859E-03	2.7414846E+11
1.9752150E-03	2.6860223E+11
1.9758446E-03	2.6388962E+11
1.9764747E-03	2.5997220E+11
1.9771049E-03	2.5685335E+11
1.9777357E-03	2.5430731E+11
1.9783666E-03	2.5243649E+11
1.9789983E-03	2.5094377E+11
1.9796304E-03	2.5009873E+11
1.9802628E-03	2.4960974E+11
1.9808954E-03	2.4901293E+11
1.9815285E-03	2.4722296E+11
1.9821622E-03	2.4581023E+11
1.9827962E-03	2.4457706E+11
1.9834307E-03	2.4366424E+11
1.9840654E-03	2.4279166E+11
1.9847006E-03	2.4227676E+11
1.9853362E-03	2.4192954E+11
1.9859723E-03	2.4156065E+11
1.9866086E-03	2.4149545E+11
1.9872454E-03	2.4078209E+11
1.9878827E-03	2.3861189E+11
1.9885204E-03	2.3644485E+11
1.9891583E-03	2.3445038E+11
1.9897968E-03	2.3245041E+11
1.9904356E-03	2.3052196E+11
1.9910750E-03	2.2865591E+11
1.9917148E-03	2.2692946E+11
1.9923549E-03	2.2517346E+11
1.9929954E-03	2.2346199E+11
1.9936364E-03	2.2122066E+11
1.9942778E-03	2.1781372E+11
1.9949195E-03	2.1431751E+11
1.9955616E-03	2.1089451E+11
1.9962043E-03	2.0753903E+11
1.9968473E-03	2.0424690E+11
1.9974906E-03	2.0109355E+11
1.9981344E-03	1.9792367E+11
1.9987787E-03	1.9481200E+11
1.9994234E-03	1.9175609E+11
2.0000683E-03	1.8845517E+11
2.0007140E-03	1.8425721E+11
2.0013601E-03	1.8023518E+11
2.0020064E-03	1.7624009E+11
2.0026530E-03	1.7239897E+11
2.0033000E-03	1.6851935E+11
2.0039477E-03	1.6484709E+11
2.0045957E-03	1.6119895E+11
2.0052441E-03	1.5763358E+11
2.0058930E-03	1.5414767E+11
2.0065424E-03	1.5060174E+11
2.0071920E-03	1.4665922E+11
2.0078421E-03	1.4279273E+11
2.0084926E-03	1.3902917E+11
2.0091436E-03	1.3536181E+11
2.0097948E-03	1.3183817E+11
2.0104465E-03	1.2831509E+11
2.0110989E-03	1.2497587E+11
2.0117515E-03	1.2167649E+11
2.0124046E-03	1.1846691E+11
2.0130579E-03	1.1526895E+11
2.0137120E-03	1.1182425E+11
2.0143664E-03	1.0854055E+11
2.0150212E-03	1.0531898E+11
2.0156763E-03	1.0218944E+11
2.0163320E-03	9.9153206E+10
2.0169879E-03	9.6241360E+10
2.0176442E-03	9.3348173E+10
2.0183013E-03	9.0603010E+10
2.0189586E-03	8.7907510E+10
2.0196163E-03	8.5179756E+10
2.0202745E-03	8.2281691E+10
2.0209332E-03	7.9497007E+10
2.0215921E-03	7.6749144E+10
2.0222515E-03	7.4148719E+10
2.0229113E-03	7.1611067E+10
2.0235716E-03	6.9159847E+10
2.0242324E-03	6.6789721E+10
2.0248936E-03	6.4500888E+10
2.0255554E-03	6.2312448E+10
2.0262175E-03	6.0029196E+10
2.0268799E-03	5.7594380E+10
2.0275428E-03	5.5219230E+10
2.0282061E-03	5.2942102E+10
2.0288699E-03	5.0758922E+10
2.0295342E-03	4.8663274E+10
2.0301989E-03	4.6655659E+10
2.0308639E-03	4.4744783E+10
2.0315293E-03	4.2897124E+10
2.0321955E-03	4.1109431E+10
2.0328620E-03	3.9311642E+10
2.0335289E-03	3.7334139E+10
2.0341962E-03	3.5439053E+10
2.0348637E-03	3.3651573E+10
2.0355317E-03	3.1930533E+10
2.0362004E-03	3.0308272E+10
2.0368695E-03	2.8778381E+10
2.0375389E-03	2.7316533E+10
2.0382088E-03	2.5929034E+10
2.0388793E-03	2.4602514E+10
2.0395501E-03	2.3281413E+10
2.0402214E-03	2.1858282E+10
2.0408928E-03	2.0498780E+10
2.0415650E-03	1.9230714E+10
2.0422377E-03	1.8044119E+10
2.0429105E-03	1.6938346E+10
2.0435839E-03	1.5898449E+10
2.0442579E-03	1.4920739E+10
2.0449325E-03	1.4018432E+10
2.0456072E-03	1.3173643E+10
2.0462824E-03	1.2343344E+10
2.0469581E-03	1.1477823E+10
2.0476342E-03	1.0682150E+10
2.0483108E-03	9.9617056E+09
2.0489877E-03	9.3188830E+09
2.0496650E-03	8.7419376E+09
2.0503430E-03	8.2426881E+09
2.0510214E-03	7.8213300E+09
2.0517004E-03	7.4748765E+09
2.0523795E-03	7.2180475E+09
2.0530592E-03	7.0287707E+09
2.0537393E-03	6.8980049E+09
2.0544198E-03	6.8876799E+09
2.0551011E-03	7.0204679E+09
2.0557826E-03	7.3092241E+09
2.0564646E-03	7.7782881E+09
2.0571470E-03	8.4541892E+09
2.0578299E-03	9.3700916E+09
2.0585130E-03	1.0565839E+10
2.0591968E-03	1.2085134E+10
2.0598811E-03	1.3978069E+10
2.0605659E-03	1.6298958E+10
2.0612511E-03	1.9143668E+10
2.0619365E-03	2.2598722E+10
2.0626225E-03	2.6765667E+10
2.0633091E-03	3.1757384E+10
2.0639962E-03	3.7706618E+10
2.0646835E-03	4.4761256E+10
2.0653713E-03	5.3091823E+10
2.0660597E-03	6.2887150E+10
2.0667487E-03	7.4361695E+10
2.0674379E-03	8.7748891E+10
2.0681275E-03	1.0332309E+11
2.0688176E-03	1.2137518E+11
2.0695082E-03	1.4222487E+11
2.0701995E-03	1.6623150E+11
2.0708912E-03	1.9377536E+11
2.0715832E-03	2.2526908E+11
2.0722756E-03	2.6116246E+11
2.0729685E-03	3.0193449E+11
2.0736619E-03	3.4810568E+11
2.0743557E-03	4.0021022E+11
2.0750500E-03	4.5878975E+11
2.0757448E-03	5.2443569E+11
2.0764400E-03	5.9775459E+11
2.0771360E-03	6.7937285E+11
2.0778324E-03	7.6989828E+11
2.0785290E-03	8.6993942E+11
2.0792261E-03	9.8012369E+11
2.0799236E-03	1.1010381E+12
2.0806217E-03	1.2332867E+12
2.0813202E-03	1.3773829E+12
2.0820191E-03	1.5337644E+12
2.0827185E-03	1.7028707E+12
2.0834187E-03	1.8850802E+12
2.0841192E-03	2.0806061E+12
2.0848201E-03	2.2895760E+12
2.0855214E-03	2.5120928E+12
2.0862231E-03	2.7480379E+12
2.0869256E-03	2.9971661E+12
2.0876285E-03	3.2591271E+12
2.0883316E-03	3.5333772E+12
2.0890352E-03	3.8192035E+12
2.0897395E-03	4.1157494E+12
2.0904443E-03	4.4219490E+12
2.0911493E-03	4.7366136E+12
2.0918550E-03	5.0583530E+12
2.0925612E-03	5.3855327E+12
2.0932676E-03	5.7164447E+12
2.0939747E-03	6.0493132E+12
2.0946823E-03	6.3820188E+12
2.0953903E-03	6.7124488E+12
2.0960988E-03	7.0383612E+12
2.0968078E-03	7.3574871E+12
2.0975173E-03	7.6674113E+12
2.0982272E-03	7.9657892E+12
2.0989375E-03	8.2502797E+12
2.0996486E-03	8.5185128E+12
2.1003599E-03	8.7681545E+12
2.1010716E-03	8.9971394E+12
2.1017841E-03	9.2033835E+12
2.1024970E-03	9.3849749E+12
2.1032104E-03	9.5402956E+12
2.1039241E-03	9.6677901E+12
2.1046381E-03	9.7662738E+12
2.1053529E-03	9.8347688E+12
2.1060682E-03	9.8725758E+12
2.1067839E-03	9.8792440E+12
2.1075003E-03	9.8546717E+12
2.1082172E-03	9.7989887E+12
2.1089343E-03	9.7127413E+12
2.1096519E-03	9.5965723E+12
2.1103700E-03	9.4515992E+12
2.1110887E-03	9.2790964E+12
2.1118079E-03	9.0805542E+12
2.1125276E-03	8.8577908E+12
2.1132478E-03	8.6127333E+12
2.1139684E-03	8.3475329E+12
2.1146894E-03	8.0644045E+12
2.1154112E-03	7.7656756E+12
2.1161332E-03	7.4538016E+12
2.1168557E-03	7.1312330E+12
2.1175789E-03	6.8004220E+12
2.1183025E-03	6.4639020E+12
2.1190266E-03	6.1239984E+12
2.1197512E-03	5.7829700E+12
2.1204762E-03	5.4430372E+12
2.1212017E-03	5.1062729E+12
2.1219279E-03	4.7746290E+12
2.1226546E-03	4.4498557E+12
2.1233815E-03	4.1334946E+12
2.1241091E-03	3.8269214E+12
2.1248371E-03	3.5313624E+12
2.1255657E-03	3.2478750E+12
2.1262947E-03	2.9772365E+12
2.1270243E-03	2.7200785E+12
2.1277545E-03	2.4768493E+12
2.1284849E-03	2.2479244E+12
2.1292157E-03	2.0333829E+12
2.1299475E-03	1.8331471E+12
2.1306798E-03	1.6471503E+12
2.1314123E-03	1.4751549E+12
2.1321452E-03	1.3167228E+12
2.1328789E-03	1.1714024E+12
2.1336130E-03	1.0386980E+12
2.1343476E-03	9.1800982E+11
2.1350826E-03	8.0870403E+11
2.1358181E-03	7.1011426E+11
2.1365541E-03	6.2153787E+11
2.1372908E-03	5.4228315E+11
2.1380279E-03	4.7168159E+11
2.1387655E-03	4.0906364E+11
2.1395038E-03	3.5372020E+11
2.1402426E-03	3.0501669E+11
2.1409816E-03	2.6232252E+11
2.1417213E-03	2.2504987E+11
2.1424615E-03	1.9264737E+11
2.1432021E-03	1.6459453E+11
2.1439432E-03	1.4040419E+11
2.1446850E-03	1.1963783E+11
2.1454273E-03	1.0190086E+11
2.1461700E-03	8.6840987E+10
2.1469132E-03	7.4096907E+10
2.1476571E-03	6.3360677E+10
2.1484015E-03	5.4369504E+10
2.1491463E-03	4.6881927E+10
2.1498916E-03	4.0686150E+10
2.1506373E-03	3.5595446E+10
2.1513836E-03	3.1442715E+10
2.1521305E-03	2.8093198E+10
2.1528779E-03	2.5413047E+10
2.1536259E-03	2.3281034E+10
2.1543745E-03	2.1635073E+10
2.1551233E-03	2.0382481E+10
2.1558728E-03	1.9469708E+10
2.1566227E-03	1.8833137E+10
2.1573734E-03	1.8439051E+10
2.1581245E-03	1.8231185E+10
2.1588760E-03	1.8191411E+10
2.1596281E-03	1.8287293E+10
2.1603806E-03	1.8455772E+10
2.1611338E-03	1.8637302E+10
2.1618875E-03	1.8887665E+10
2.1626416E-03	1.9199919E+10
2.1633962E-03	1.9558906E+10
2.1641515E-03	1.9968241E+10
2.1649073E-03	2.0416052E+10
2.1656635E-03	2.0897875E+10
2.1664205E-03	2.1402925E+10
2.1671779E-03	2.1941340E+10
2.1679357E-03	2.2448678E+10
2.1686940E-03	2.2838859E+10
2.1694531E-03	2.3241302E+10
2.1702126E-03	2.3655650E+10
2.1709725E-03	2.4081118E+10
2.1717332E-03	2.4510003E+10
2.1724943E-03	2.4956154E+10
2.1732559E-03	2.5412117E+10
2.1740180E-03	2.5877694E+10
2.1747807E-03	2.6345089E+10
2.1755439E-03	2.6775789E+10
2.1763076E-03	2.7080426E+10
2.1770720E-03	2.7389374E+10
2.1778368E-03	2.7702393E+10
2.1786022E-03	2.8019191E+10
2.1793679E-03	2.8331294E+10
2.1801344E-03	2.8655697E+10
2.1809014E-03	2.8984201E+10
2.1816690E-03	2.9307719E+10
2.1824371E-03	2.9652893E+10
2.1832054E-03	2.9945406E+10
2.1839747E-03	3.0199895E+10
2.1847445E-03	3.0433907E+10
2.1855147E-03	3.0669798E+10
2.1862853E-03	3.0926505E+10
2.1870567E-03	3.1166271E+10
2.1878285E-03	3.1417641E+10
2.1886011E-03	3.1661881E+10
2.1893741E-03	3.1917474E+10
2.1901475E-03	3.2175339E+10
2.1909215E-03	3.2435395E+10
2.1916961E-03	3.2730144E+10
2.1924712E-03	3.3029266E+10
2.1932470E-03	3.3321205E+10
2.1940232E-03	3.3625892E+10
2.1947999E-03	3.3933336E+10
2.1955771E-03	3.4233701E+10
2.1963550E-03	3.4547206E+10
2.1971334E-03	3.4853201E+10
2.1979124E-03	3.5172505E+10
2.1986919E-03	3.5544703E+10
2.1994722E-03	3.6025476E+10
2.2002528E-03	3.6531024E+10
2.2010340E-03	3.7044236E+10
2.2018156E-03	3.7553172E+10
2.2025979E-03	3.8080902E+10
2.2033809E-03	3.8605102E+10
2.2041644E-03	3.9147853E+10
2.2049483E-03	3.9698829E+10
2.2057327E-03	4.0245642E+10
2.2065178E-03	4.0874490E+10
2.2073037E-03	4.1647492E+10
2.2080899E-03	4.2457161E+10
2.2088767E-03	4.3282612E+10
2.2096639E-03	4.4111271E+10
2.2104518E-03	4.4970116E+10
2.2112404E-03	4.5832134E+10
2.2120294E-03	4.6724545E+10
2.2128189E-03	4.7634525E+10
2.2136089E-03	4.8548815E+10
2.2143996E-03	4.9511503E+10
2.2151910E-03	5.0516752E+10
2.2159829E-03	5.1561206E+10
2.2167754E-03	5.2612094E+10
2.2175685E-03	5.3700568E+10
2.2183619E-03	5.4812230E+10
2.2191559E-03	5.5932295E+10
2.2199508E-03	5.7080431E+10
2.2207461E-03	5.8273495E+10
2.2215419E-03	5.9501703E+10
2.2223382E-03	6.0666983E+10
2.2231352E-03	6.1695243E+10
2.2239326E-03	6.2785763E+10
2.2247308E-03	6.3977275E+10
2.2255294E-03	6.5362319E+10
2.2263287E-03	6.7077211E+10
2.2271285E-03	6.9289402E+10
2.2279290E-03	7.2267711E+10
2.2287299E-03	7.6464859E+10
2.2295315E-03	8.2539658E+10
2.2303336E-03	9.1185633E+10
2.2311364E-03	1.0339586E+11
2.2319397E-03	1.2140068E+11
2.2327434E-03	1.4751852E+11
2.2335479E-03	1.8479282E+11
2.2343528E-03	2.3693238E+11
2.2351586E-03	3.0848889E+11
2.2359649E-03	4.0472752E+11
2.2367714E-03	5.3137372E+11
2.2375789E-03	6.9466189E+11
2.2383868E-03	9.0021763E+11
2.2391954E-03	1.1531668E+12
2.2400045E-03	1.4578626E+12
2.2408143E-03	1.8161593E+12
2.2416245E-03	2.2270215E+12
2.2424352E-03	2.6857611E+12
2.2432467E-03	3.1837548E+12
2.2440585E-03	3.7081057E+12
2.2448713E-03	4.2421142E+12
2.2456846E-03	4.7656201E+12
2.2464984E-03	5.2561333E+12
2.2473126E-03	5.6905955E+12
2.2481277E-03	6.0475270E+12
2.2489433E-03	6.3078746E+12
2.2497596E-03	6.4570935E+12
2.2505764E-03	6.4865783E+12
2.2513936E-03	6.3943148E+12
2.2522116E-03	6.1852508E+12
2.2530300E-03	5.8707118E+12
2.2538491E-03	5.4675217E+12
2.2546689E-03	4.9964295E+12
2.2554891E-03	4.4803675E+12
2.2563101E-03	3.9424482E+12
2.2571317E-03	3.4044568E+12
2.2579539E-03	2.8855125E+12
2.2587767E-03	2.4009155E+12
2.2596000E-03	1.9617842E+12
2.2604237E-03	1.5748590E+12
2.2612484E-03	1.2428927E+12
2.2620736E-03	9.6534938E+11
2.2628992E-03	7.3929587E+11
2.2637255E-03	5.6015259E+11
2.2645523E-03	4.2111609E+11
2.2653800E-03	3.1571056E+11
2.2662082E-03	2.3769824E+11
2.2670371E-03	1.8129526E+11
2.2678664E-03	1.4151434E+11
2.2686962E-03	1.1412855E+11
2.2695267E-03	9.5797286E+10
2.2703579E-03	8.3845508E+10
2.2711898E-03	7.6773714E+10
2.2720220E-03	7.3566641E+10
2.2728550E-03	7.2495904E+10
2.2736888E-03	7.2749510E+10
2.2745230E-03	7.3898310E+10
2.2753580E-03	7.5593284E+10
2.2761934E-03	7.7685866E+10
2.2770292E-03	8.0012011E+10
2.2778660E-03	8.2524408E+10
2.2787033E-03	8.5177649E+10
2.2795412E-03	8.8200477E+10
2.2803796E-03	9.1855253E+10
2.2812188E-03	9.5729593E+10
2.2820586E-03	9.9749529E+10
2.2828989E-03	1.0394103E+11
2.2837399E-03	1.0834105E+11
2.2845815E-03	1.1290188E+11
2.2854237E-03	1.1765513E+11
2.2862668E-03	1.2261323E+11
2.2871103E-03	1.2781240E+11
2.2879543E-03	1.3321718E+11
2.2887990E-03	1.3872439E+11
2.2896444E-03	1.4454207E+11
2.2904905E-03	1.5055871E+11
2.2913371E-03	1.5687477E+11
2.2921842E-03	1.6341694E+11
2.2930321E-03	1.7022750E+11
2.2938806E-03	1.7733030E+11
2.2947297E-03	1.8478015E+11
2.2955793E-03	1.9249917E+11
2.2964298E-03	2.0025460E+11
2.2972808E-03	2.0771974E+11
2.2981325E-03	2.1536888E+11
2.2989847E-03	2.2329486E+11
2.2998378E-03	2.3152224E+11
2.3006913E-03	2.4011860E+11
2.3015453E-03	2.4897649E+11
2.3024003E-03	2.5816380E+11
2.3032557E-03	2.6776370E+11
2.3041116E-03	2.7764774E+11
2.3049684E-03	2.8733418E+11
2.3058257E-03	2.9600844E+11
2.3066837E-03	3.0496175E+11
2.3075421E-03	3.1409411E+11
2.3084015E-03	3.2350916E+11
2.3092614E-03	3.3321189E+11
2.3101219E-03	3.4329970E+11
2.3109831E-03	3.5360745E+11
2.3118448E-03	3.6422841E+11
2.3127075E-03	3.7516984E+11
2.3135706E-03	3.8570942E+11
2.3144344E-03	3.9445647E+11
2.3152987E-03	4.0328591E+11
2.3161639E-03	4.1232591E+11
2.3170295E-03	4.2168371E+11
2.3178956E-03	4.3102003E+11
2.3187627E-03	4.4082023E+11
2.3196305E-03	4.5071710E+11
2.3204987E-03	4.6097366E+11
2.3213676E-03	4.7121530E+11
2.3222372E-03	4.8093701E+11
2.3231073E-03	4.8835363E+11
2.3239783E-03	4.9575362E+11
2.3248498E-03	5.0326758E+11
2.3257220E-03	5.1104325E+11
2.3265949E-03	5.1880230E+11
2.3274685E-03	5.2656027E+11
2.3283428E-03	5.3486035E+11
2.3292173E-03	5.4287587E+11
2.3300929E-03	5.5116606E+11
2.3309691E-03	5.5868064E+11
2.3318459E-03	5.6368592E+11
2.3327232E-03	5.6844681E+11
2.3336015E-03	5.7371630E+11
2.3344802E-03	5.7858862E+11
2.3353598E-03	5.8367420E+11
2.3362399E-03	5.8897393E+11
2.3371205E-03	5.9403081E+11
2.3380020E-03	5.9945667E+11
2.3388842E-03	6.0479997E+11
2.3397668E-03	6.0924129E+11
2.3406502E-03	6.1167016E+11
2.3415345E-03	6.1367288E+11
2.3424192E-03	6.1602758E+11
2.3433045E-03	6.1809624E+11
2.3441906E-03	6.2052411E+11
2.3450775E-03	6.2283104E+11
2.3459648E-03	6.2517544E+11
2.3468530E-03	6.2756260E+11
2.3477417E-03	6.2999343E+11
2.3486312E-03	6.3199726E+11
2.3495215E-03	6.3226246E+11
2.3504123E-03	6.3280432E+11
2.3513036E-03	6.3307006E+11
2.3521958E-03	6.3370723E+11
2.3530887E-03	6.3423410E+11
2.3539821E-03	6.3481465E+11
2.3548764E-03	6.3545244E+11
2.3557711E-03	6.3614919E+11
2.3566668E-03	6.3690806E+11
2.3575630E-03	6.3767785E+11
2.3584601E-03	6.3839068E+11
2.3593577E-03	6.3932692E+11
2.3602559E-03	6.4001935E+11
2.3611551E-03	6.4095101E+11
2.3620548E-03	6.4212141E+11
2.3629549E-03	6.4322071E+11
2.3638560E-03	6.4425250E+11
2.3647577E-03	6.4569296E+11
2.3656599E-03	6.4707512E+11
2.3665633E-03	6.4879420E+11
2.3674672E-03	6.5183281E+11
2.3683715E-03	6.5488639E+11
2.3692767E-03	6.5805610E+11
2.3701824E-03	6.6135186E+11
2.3710891E-03	6.6477463E+11
2.3719962E-03	6.6817648E+11
2.3729042E-03	6.7203143E+11
2.3738130E-03	6.7587740E+11
2.3747222E-03	6.7987395E+11
2.3756323E-03	6.8413001E+11
2.3765429E-03	6.8878022E+11
2.3774544E-03	6.9361974E+11
2.3783664E-03	6.9864241E+11
2.3792794E-03	7.0385035E+11
2.3801927E-03	7.0925479E+11
2.3811071E-03	7.1486285E+11
2.3820219E-03	7.2068256E+11
2.3829376E-03	7.2672484E+11
2.3838540E-03	7.3283446E+11
2.3847711E-03	7.3858099E+11
2.3856889E-03	7.4229195E+11
2.3866072E-03	7.4612961E+11
2.3875264E-03	7.5024050E+11
2.3884461E-03	7.5447017E+11
2.3893667E-03	7.5930584E+11
2.3902883E-03	7.6412656E+11
2.3912103E-03	7.6957188E+11
2.3921328E-03	7.7503495E+11
2.3930562E-03	7.8113573E+11
2.3939805E-03	7.8535650E+11
2.3949053E-03	7.8574418E+11
2.3958310E-03	7.8633556E+11
2.3967572E-03	7.8756151E+11
2.3976839E-03	7.8900484E+11
2.3986117E-03	7.9110781E+11
2.3995403E-03	7.9360266E+11
2.4004695E-03	7.9691509E+11
2.4013994E-03	8.0063629E+11
2.4023298E-03	8.0479557E+11
2.4032611E-03	8.0769227E+11
2.4041934E-03	8.0620992E+11
2.4051261E-03	8.0556191E+11
2.4060593E-03	8.0559667E+11
2.4069936E-03	8.0665949E+11
2.4079285E-03	8.0864214E+11
2.4088644E-03	8.1144810E+11
2.4098009E-03	8.1541313E+11
2.4107378E-03	8.2020420E+11
2.4116756E-03	8.2585334E+11
2.4126144E-03	8.3131289E+11
2.4135537E-03	8.3502963E+11
2.4144938E-03	8.3980202E+11
2.4154345E-03	8.4583220E+11
2.4163760E-03	8.5310734E+11
2.4173181E-03	8.6162167E+11
2.4182610E-03	8.7131594E+11
2.4192049E-03	8.8233210E+11
2.4201493E-03	8.9459720E+11
2.4210946E-03	9.0810774E+11
2.4220403E-03	9.2343892E+11
2.4229870E-03	9.4120679E+11
2.4239344E-03	9.6031255E+11
2.4248825E-03	9.8042749E+11
2.4258313E-03	1.0017499E+12
2.4267812E-03	1.0241806E+12
2.4277316E-03	1.0478754E+12
2.4286825E-03	1.0726527E+12
2.4296343E-03	1.0987271E+12
2.4305871E-03	1.1259015E+12
2.4315403E-03	1.1564222E+12
2.4324944E-03	1.1930004E+12
2.4334495E-03	1.2308729E+12
2.4344050E-03	1.2698726E+12
2.4353615E-03	1.3099453E+12
2.4363184E-03	1.3511630E+12
2.4372763E-03	1.3934357E+12
2.4382351E-03	1.4369178E+12
2.4391944E-03	1.4815782E+12
2.4401546E-03	1.5274235E+12
2.4411152E-03	1.5761118E+12
2.4420770E-03	1.6301618E+12
2.4430393E-03	1.6859601E+12
2.4440025E-03	1.7432877E+12
2.4449665E-03	1.8022237E+12
2.4459311E-03	1.8630012E+12
2.4468964E-03	1.9254861E+12
2.4478626E-03	1.9903349E+12
2.4488298E-03	2.0576032E+12
2.4497975E-03	2.1281494E+12
2.4507660E-03	2.2026046E+12
2.4517351E-03	2.2820708E+12
2.4527051E-03	2.3694233E+12
2.4536760E-03	2.4675091E+12
2.4546476E-03	2.5814390E+12
2.4556199E-03	2.7171561E+12
2.4565929E-03	2.8838074E+12
2.4575668E-03	3.0930243E+12
2.4585414E-03	3.3601399E+12
2.4595167E-03	3.7048231E+12
2.4604932E-03	4.1492487E+12
2.4614702E-03	4.7199540E+12
2.4624476E-03	5.4532207E+12
2.4634264E-03	6.3862460E+12
2.4644057E-03	7.5576758E+12
2.4653855E-03	9.0054967E+12
2.4663666E-03	1.0765114E+13
2.4673482E-03	1.2864321E+13
2.4683308E-03	1.5318891E+13
2.4693138E-03	1.8128792E+13
2.4702977E-03	2.1272445E+13
2.4712826E-03	2.4704080E+13
2.4722680E-03	2.8358848E+13
2.4732545E-03	3.2143500E+13
2.4742414E-03	3.5941200E+13
2.4752296E-03	3.9618466E+13
2.4762182E-03	4.3031488E+13
2.4772077E-03	4.6035035E+13
2.4781981E-03	4.8493635E+13
2.4791891E-03	5.0291005E+13
2.4801809E-03	5.1339609E+13
2.4811737E-03	5.1588219E+13
2.4821670E-03	5.1029368E+13
2.4831614E-03	4.9696400E+13
2.4841563E-03	4.7662263E+13
2.4851523E-03	4.5033873E+13
2.4861488E-03	4.1944928E+13
2.4871463E-03	3.8545824E+13
2.4881447E-03	3.4995101E+13
2.4891435E-03	3.1449460E+13
2.4901435E-03	2.8057759E+13
2.4911442E-03	2.4954354E+13
2.4921456E-03	2.2255102E+13
2.4931480E-03	2.0054707E+13
2.4941510E-03	1.8422586E+13
2.4951547E-03	1.7400109E+13
2.4961596E-03	1.6994461E+13
2.4971650E-03	1.7174053E+13
2.4981713E-03	1.7864137E+13
2.4991785E-03	1.8945883E+13
2.5001864E-03	2.0263193E+13
2.5011953E-03	2.1632770E+13
2.5022049E-03	2.2864803E+13
2.5032153E-03	2.3784636E+13
2.5042263E-03	2.4258007E+13
2.5052384E-03	2.4209027E+13
2.5062512E-03	2.3629262E+13
2.5072647E-03	2.2576680E+13
2.5082794E-03	2.1162031E+13
2.5092945E-03	1.9528463E+13
2.5103106E-03	1.7825864E+13
2.5113276E-03	1.6189470E+13
2.5123456E-03	1.4727275E+13
2.5133640E-03	1.3506235E+13
2.5143835E-03	1.2554905E+13
2.5154036E-03	1.1868905E+13
2.5164247E-03	1.1420775E+13
2.5174466E-03	1.1171297E+13
2.5184695E-03	1.1076461E+13
2.5194930E-03	1.1096097E+13
2.5205174E-03	1.1193880E+13
2.5215424E-03	1.1340869E+13
2.5225687E-03	1.1521426E+13
2.5235955E-03	1.1722487E+13
2.5246232E-03	1.1935127E+13
2.5256518E-03	1.2153879E+13
2.5266814E-03	1.2375257E+13
2.5277114E-03	1.2596986E+13
2.5287424E-03	1.2817331E+13
2.5297746E-03	1.3035519E+13
2.5308072E-03	1.3248787E+13
2.5318409E-03	1.3454316E+13
2.5328752E-03	1.3654836E+13
2.5339106E-03	1.3849681E+13
2.5349469E-03	1.4037791E+13
2.5359839E-03	1.4218695E+13
2.5370216E-03	1.4391049E+13
2.5380603E-03	1.4554373E+13
2.5390999E-03	1.4707668E+13
2.5401404E-03	1.4850079E+13
2.5411816E-03	1.4980396E+13
2.5422238E-03	1.5096995E+13
2.5432666E-03	1.5200590E+13
2.5443104E-03	1.5290896E+13
2.5453551E-03	1.5367212E+13
2.5464008E-03	1.5428945E+13
2.5474471E-03	1.5475882E+13
2.5484944E-03	1.5507562E+13
2.5495423E-03	1.5523632E+13
2.5505912E-03	1.5524111E+13
2.5516413E-03	1.5508917E+13
2.5526918E-03	1.5478332E+13
2.5537435E-03	1.5432032E+13
2.5547959E-03	1.5370087E+13
2.5558493E-03	1.5292782E+13
2.5569033E-03	1.5200462E+13
2.5579585E-03	1.5093469E+13
2.5590146E-03	1.4972398E+13
2.5600712E-03	1.4837761E+13
2.5611287E-03	1.4690117E+13
2.5621874E-03	1.4530689E+13
2.5632468E-03	1.4360676E+13
2.5643071E-03	1.4179871E+13
2.5653681E-03	1.3989036E+13
2.5664303E-03	1.3788955E+13
2.5674934E-03	1.3580595E+13
2.5685569E-03	1.3364753E+13
2.5696217E-03	1.3142418E+13
2.5706873E-03	1.2914347E+13
2.5717537E-03	1.2681506E+13
2.5728210E-03	1.2445088E+13
2.5738892E-03	1.2206260E+13
2.5749584E-03	1.1965173E+13
2.5760285E-03	1.1722623E+13
2.5770993E-03	1.1479219E+13
2.5781710E-03	1.1235798E+13
2.5792439E-03	1.0992965E+13
2.5803172E-03	1.0751301E+13
2.5813919E-03	1.0511416E+13
2.5824672E-03	1.0273814E+13
2.5835433E-03	1.0039202E+13
2.5846206E-03	9.8083173E+12
2.5856986E-03	9.5809890E+12
2.5867776E-03	9.3573873E+12
2.5878574E-03	9.1378294E+12
2.5889380E-03	8.9225166E+12
2.5900197E-03	8.7115587E+12
2.5911024E-03	8.5051005E+12
2.5921860E-03	8.3032499E+12
2.5932700E-03	8.1059993E+12
2.5943555E-03	7.9136620E+12
2.5954414E-03	7.7266342E+12
2.5965287E-03	7.5441792E+12
2.5976165E-03	7.3662366E+12
2.5987057E-03	7.1926277E+12
2.5997953E-03	7.0233589E+12
2.6008864E-03	6.8582496E+12
2.6019779E-03	6.6971667E+12
2.6030703E-03	6.5399646E+12
2.6041640E-03	6.3865538E+12
2.6052585E-03	6.2369028E+12
2.6063537E-03	6.0911865E+12
2.6074499E-03	5.9488585E+12
2.6085472E-03	5.8097506E+12
2.6096452E-03	5.6737485E+12
2.6107444E-03	5.5407281E+12
2.6118443E-03	5.4105859E+12
2.6129452E-03	5.2832360E+12
2.6140469E-03	5.1586129E+12
2.6151496E-03	5.0365840E+12
2.6162534E-03	4.9172282E+12
2.6173580E-03	4.8004948E+12
2.6184635E-03	4.6863058E+12
2.6195701E-03	4.5746237E+12
2.6206775E-03	4.4655394E+12
2.6217857E-03	4.3590101E+12
2.6228949E-03	4.2551242E+12
2.6240051E-03	4.1538668E+12
2.6251164E-03	4.0554716E+12
2.6262286E-03	3.9598636E+12
2.6273415E-03	3.8673216E+12
2.6284554E-03	3.7778468E+12
2.6295704E-03	3.6917004E+12
2.6306864E-03	3.6089619E+12
2.6318030E-03	3.5298999E+12
2.6329211E-03	3.4546190E+12
2.6340396E-03	3.3834374E+12
2.6351595E-03	3.3164960E+12
2.6362799E-03	3.2540530E+12
2.6374017E-03	3.1963664E+12
2.6385239E-03	3.1435707E+12
2.6396476E-03	3.0959163E+12
2.6407721E-03	3.0537179E+12
2.6418974E-03	3.0171757E+12
2.6430239E-03	2.9865329E+12
2.6441512E-03	2.9619819E+12
2.6452795E-03	2.9437067E+12
2.6464087E-03	2.9318782E+12
2.6475389E-03	2.9265568E+12
2.6486702E-03	2.9278700E+12
2.6498022E-03	2.9357933E+12
2.6509352E-03	2.9500162E+12
2.6520696E-03	2.9708548E+12
2.6532044E-03	2.9981582E+12
2.6543406E-03	3.0317197E+12
2.6554777E-03	3.0714192E+12
2.6566156E-03	3.1167542E+12
2.6577546E-03	3.1674662E+12
2.6588945E-03	3.2230977E+12
2.6600354E-03	3.2830878E+12
2.6611772E-03	3.3467586E+12
2.6623202E-03	3.4133191E+12
2.6634638E-03	3.4822890E+12
2.6646089E-03	3.5528664E+12
2.6657546E-03	3.6241919E+12
2.6669013E-03	3.6955264E+12
2.6680492E-03	3.7657641E+12
2.6691980E-03	3.8341700E+12
2.6703477E-03	3.8996928E+12
2.6714986E-03	3.9615963E+12
2.6726504E-03	4.0188512E+12
2.6738029E-03	4.0709512E+12
2.6749568E-03	4.1166632E+12
2.6761116E-03	4.1553948E+12
2.6772672E-03	4.1861736E+12
2.6784241E-03	4.2084926E+12
2.6795818E-03	4.2219776E+12
2.6807403E-03	4.2258704E+12
2.6819003E-03	4.2200770E+12
2.6830609E-03	4.2042305E+12
2.6842228E-03	4.1784663E+12
2.6853855E-03	4.1429119E+12
2.6865492E-03	4.0974353E+12
2.6877141E-03	4.0421990E+12
2.6888796E-03	3.9777025E+12
2.6900466E-03	3.9042581E+12
2.6912144E-03	3.8225762E+12
2.6923832E-03	3.7332573E+12
2.6935530E-03	3.6369141E+12
2.6947241E-03	3.5345147E+12
2.6958957E-03	3.4264996E+12
2.6970687E-03	3.3131243E+12
2.6982427E-03	3.1962690E+12
2.6994175E-03	3.0767928E+12
2.7005933E-03	2.9555294E+12
2.7017705E-03	2.8334763E+12
2.7029486E-03	2.7117227E+12
2.7041275E-03	2.5907330E+12
2.7053077E-03	2.4714729E+12
2.7064886E-03	2.3548003E+12
2.7076709E-03	2.2402579E+12
2.7088539E-03	2.1268915E+12
2.7100383E-03	2.0175664E+12
2.7112234E-03	1.9131561E+12
2.7124097E-03	1.8134590E+12
2.7135969E-03	1.7194973E+12
2.7147853E-03	1.6309237E+12
2.7159746E-03	1.5481328E+12
2.7171653E-03	1.4713609E+12
2.7183567E-03	1.4004012E+12
2.7195492E-03	1.3338321E+12
2.7207427E-03	1.2692616E+12
2.7219374E-03	1.2098583E+12
2.7231332E-03	1.1563213E+12
2.7243297E-03	1.1078651E+12
2.7255276E-03	1.0645153E+12
2.7267262E-03	1.0261680E+12
2.7279262E-03	9.9234539E+11
2.7291272E-03	9.6303289E+11
2.7303291E-03	9.3773355E+11
2.7315323E-03	9.1439618E+11
2.7327363E-03	8.8986557E+11
2.7339417E-03	8.6845534E+11
2.7351477E-03	8.5035669E+11
2.7363552E-03	8.3522760E+11
2.7375633E-03	8.2274771E+11
2.7387729E-03	8.1284250E+11
2.7399834E-03	8.0534573E+11
2.7411950E-03	8.0021464E+11
2.7424076E-03	7.9719935E+11
2.7436214E-03	7.9399613E+11
2.7448360E-03	7.8802372E+11
2.7460521E-03	7.8373920E+11
2.7472689E-03	7.8148453E+11
2.7484871E-03	7.8096894E+11
2.7497062E-03	7.8236846E+11
2.7509262E-03	7.8543281E+11
2.7521476E-03	7.9024535E+11
2.7533700E-03	7.9688817E+11
2.7545933E-03	8.0515906E+11
2.7558180E-03	8.1380428E+11
2.7570436E-03	8.2124209E+11
2.7582701E-03	8.3038913E+11
2.7594981E-03	8.4152574E+11
2.7607270E-03	8.5477423E+11
2.7619568E-03	8.6998968E+11
2.7631880E-03	8.8728935E+11
2.7644201E-03	9.0669672E+11
2.7656537E-03	9.2832312E+11
2.7668879E-03	9.5206107E+11
2.7681235E-03	9.7808188E+11
2.7693599E-03	1.0066111E+12
2.7705976E-03	1.0372917E+12
2.7718367E-03	1.0704169E+12
2.7730765E-03	1.1058307E+12
2.7743175E-03	1.1436877E+12
2.7755597E-03	1.1839024E+12
2.7768030E-03	1.2265156E+12
2.7780472E-03	1.2717749E+12
2.7792926E-03	1.3193639E+12
2.7805394E-03	1.3709002E+12
2.7817870E-03	1.4280388E+12
2.7830359E-03	1.4876967E+12
2.7842857E-03	1.5497347E+12
2.7855369E-03	1.6141632E+12
2.7867891E-03	1.6810131E+12
2.7880424E-03	1.7501603E+12
2.7892969E-03	1.8217708E+12
2.7905526E-03	1.8956718E+12
2.7918092E-03	1.9719092E+12
2.7930671E-03	2.0517599E+12
2.7943261E-03	2.1368959E+12
2.7955864E-03	2.2244245E+12
2.7968474E-03	2.3140775E+12
2.7981098E-03	2.4057301E+12
2.7993736E-03	2.4994255E+12
2.8006381E-03	2.5949704E+12
2.8019040E-03	2.6923143E+12
2.8031708E-03	2.7913358E+12
2.8044390E-03	2.8919533E+12
2.8057082E-03	2.9943355E+12
2.8069788E-03	3.0987502E+12
2.8082503E-03	3.2044269E+12
2.8095231E-03	3.3111752E+12
2.8107967E-03	3.4188998E+12
2.8120717E-03	3.5273123E+12
2.8133481E-03	3.6364029E+12
2.8146254E-03	3.7460652E+12
2.8159039E-03	3.8559868E+12
2.8171837E-03	3.9662719E+12
2.8184643E-03	4.0763793E+12
2.8197463E-03	4.1855926E+12
2.8210296E-03	4.2950740E+12
2.8223139E-03	4.4048231E+12
2.8235994E-03	4.5152558E+12
2.8248860E-03	4.6266897E+12
2.8261738E-03	4.7395023E+12
2.8274627E-03	4.8544874E+12
2.8287531E-03	4.9724226E+12
2.8300444E-03	5.0942690E+12
2.8313370E-03	5.2206826E+12
2.8326306E-03	5.3523030E+12
2.8339257E-03	5.4912546E+12
2.8352216E-03	5.6387069E+12
2.8365189E-03	5.7956158E+12
2.8378177E-03	5.9627846E+12
2.8391173E-03	6.1402153E+12
2.8404179E-03	6.3277809E+12
2.8417199E-03	6.5242032E+12
2.8430233E-03	6.7277816E+12
2.8443276E-03	6.9356264E+12
2.8456333E-03	7.1439844E+12
2.8469404E-03	7.3488738E+12
2.8482485E-03	7.5451006E+12
2.8495574E-03	7.7275070E+12
2.8508678E-03	7.8903156E+12
2.8521796E-03	8.0283672E+12
2.8534923E-03	8.1367605E+12
2.8548064E-03	8.2114410E+12
2.8561219E-03	8.2496502E+12
2.8574383E-03	8.2496608E+12
2.8587561E-03	8.2112257E+12
2.8600749E-03	8.1359441E+12
2.8613950E-03	8.0265624E+12
2.8627163E-03	7.8869007E+12
2.8640390E-03	7.7218731E+12
2.8653629E-03	7.5367465E+12
2.8666877E-03	7.3373308E+12
2.8680139E-03	7.1289462E+12
2.8693415E-03	6.9168655E+12
2.8706703E-03	6.7050999E+12
2.8720002E-03	6.4969965E+12
2.8733313E-03	6.2960711E+12
2.8746636E-03	6.1044285E+12
2.8759972E-03	5.9230299E+12
2.8773323E-03	5.7523192E+12
2.8786683E-03	5.5919470E+12
2.8800056E-03	5.4410805E+12
2.8813444E-03	5.2987501E+12
2.8826841E-03	5.1636803E+12
2.8840252E-03	5.0340682E+12
2.8853677E-03	4.9082356E+12
2.8867112E-03	4.7859040E+12
2.8880560E-03	4.6660688E+12
2.8894022E-03	4.5480099E+12
2.8907496E-03	4.4309678E+12
2.8920982E-03	4.3146662E+12
2.8934479E-03	4.1984789E+12
2.8947992E-03	4.0824775E+12
2.8961515E-03	3.9665156E+12
2.8975052E-03	3.8506045E+12
2.8988603E-03	3.7347307E+12
2.9002163E-03	3.6192059E+12
2.9015737E-03	3.5039400E+12
2.9029325E-03	3.3892012E+12
2.9042924E-03	3.2751232E+12
2.9056538E-03	3.1618895E+12
2.9070163E-03	3.0497590E+12
2.9083802E-03	2.9388559E+12
2.9097453E-03	2.8293159E+12
2.9111118E-03	2.7218465E+12
2.9124795E-03	2.6171041E+12
2.9138485E-03	2.5142845E+12
2.9152187E-03	2.4134878E+12
2.9165903E-03	2.3147954E+12
2.9179631E-03	2.2182994E+12
2.9193372E-03	2.1241203E+12
2.9207126E-03	2.0323825E+12
2.9220893E-03	1.9431202E+12
2.9234672E-03	1.8564569E+12
2.9248465E-03	1.7729452E+12
2.9262272E-03	1.6934428E+12
2.9276093E-03	1.6167789E+12
2.9289923E-03	1.5428599E+12
2.9303769E-03	1.4716336E+12
2.9317630E-03	1.4032598E+12
2.9331499E-03	1.3376850E+12
2.9345383E-03	1.2748047E+12
2.9359283E-03	1.2147756E+12
2.9373192E-03	1.1575239E+12
2.9387116E-03	1.1033033E+12
2.9401053E-03	1.0525374E+12
2.9415004E-03	1.0045443E+12
2.9428969E-03	9.5929859E+11
2.9442946E-03	9.1669446E+11
2.9456937E-03	8.7675342E+11
2.9470939E-03	8.3950288E+11
2.9484958E-03	8.0480368E+11
2.9498991E-03	7.7281498E+11
2.9513033E-03	7.4346525E+11
2.9527089E-03	7.1628982E+11
2.9541161E-03	6.9099859E+11
2.9555245E-03	6.6828617E+11
2.9569343E-03	6.4833796E+11
2.9583452E-03	6.3108704E+11
2.9597576E-03	6.1677544E+11
2.9611713E-03	6.0537969E+11
2.9625865E-03	5.9705094E+11
2.9640030E-03	5.9191753E+11
2.9654210E-03	5.9017931E+11
2.9668401E-03	5.9082658E+11
2.9682606E-03	5.9259883E+11
2.9696827E-03	5.9823002E+11
2.9711060E-03	6.0793433E+11
2.9725307E-03	6.2203789E+11
2.9739565E-03	6.4064248E+11
2.9753838E-03	6.6416035E+11
2.9768127E-03	6.9265065E+11
2.9782429E-03	7.2651298E+11
2.9796744E-03	7.6583193E+11
2.9811072E-03	8.0951996E+11
2.9825415E-03	8.5625173E+11
2.9839771E-03	9.0888112E+11
2.9854141E-03	9.6771659E+11
2.9868525E-03	1.0328065E+12
2.9882924E-03	1.1040182E+12
2.9897336E-03	1.1813526E+12
2.9911762E-03	1.2645923E+12
2.9926202E-03	1.3534633E+12
2.9940654E-03	1.4476429E+12
2.9955120E-03	1.5456318E+12
2.9969602E-03	1.6458411E+12
2.9984098E-03	1.7498100E+12
2.9998608E-03	1.8569419E+12
3.0013132E-03	1.9664491E+12
3.0027670E-03	2.0774578E+12
3.0042222E-03	2.1889586E+12
3.0056788E-03	2.3000583E+12
3.0071368E-03	2.4096633E+12
3.0085961E-03	2.5167805E+12
3.0100569E-03	2.6198899E+12
3.0115193E-03	2.7175136E+12
3.0129831E-03	2.8096167E+12
3.0144481E-03	2.8952413E+12
3.0159145E-03	2.9735880E+12
3.0173825E-03	3.0438100E+12
3.0188519E-03	3.1052901E+12
3.0203229E-03	3.1574526E+12
3.0217951E-03	3.1999451E+12
3.0232687E-03	3.2324675E+12
3.0247439E-03	3.2551761E+12
3.0262205E-03	3.2684215E+12
3.0276985E-03	3.2718722E+12
3.0291779E-03	3.2658891E+12
3.0306587E-03	3.2509854E+12
3.0321411E-03	3.2278308E+12
3.0336250E-03	3.1972309E+12
3.0351102E-03	3.1600651E+12
3.0365968E-03	3.1173206E+12
3.0380851E-03	3.0700232E+12
3.0395747E-03	3.0198487E+12
3.0410658E-03	2.9685784E+12
3.0425582E-03	2.9160792E+12
3.0440523E-03	2.8633876E+12
3.0455478E-03	2.8115458E+12
3.0470449E-03	2.7615708E+12
3.0485431E-03	2.7144000E+12
3.0500430E-03	2.6708677E+12
3.0515445E-03	2.6317539E+12
3.0530472E-03	2.5976864E+12
3.0545515E-03	2.5696132E+12
3.0560573E-03	2.5484092E+12
3.0575646E-03	2.5336722E+12
3.0590734E-03	2.5255262E+12
3.0605837E-03	2.5241098E+12
3.0620955E-03	2.5294266E+12
3.0636089E-03	2.5413950E+12
3.0651237E-03	2.5598953E+12
3.0666399E-03	2.5846707E+12
3.0681577E-03	2.6154643E+12
3.0696769E-03	2.6520271E+12
3.0711978E-03	2.6941838E+12
3.0727200E-03	2.7412670E+12
3.0742437E-03	2.7927929E+12
3.0757692E-03	2.8483341E+12
3.0772958E-03	2.9074473E+12
3.0788241E-03	2.9696134E+12
3.0803541E-03	3.0344439E+12
3.0818854E-03	3.1014548E+12
3.0834181E-03	3.1701864E+12
3.0849527E-03	3.2404064E+12
3.0864887E-03	3.3119078E+12
3.0880263E-03	3.3839679E+12
3.0895653E-03	3.4562390E+12
3.0911057E-03	3.5283384E+12
3.0926478E-03	3.5999614E+12
3.0941912E-03	3.6707644E+12
3.0957365E-03	3.7404932E+12
3.0972832E-03	3.8088442E+12
3.0988315E-03	3.8756032E+12
3.1003812E-03	3.9404968E+12
3.1019328E-03	4.0032739E+12
3.1034858E-03	4.0638263E+12
3.1050402E-03	4.1218616E+12
3.1065959E-03	4.1772053E+12
3.1081536E-03	4.2297603E+12
3.1097129E-03	4.2793082E+12
3.1112735E-03	4.3257448E+12
3.1128358E-03	4.3689124E+12
3.1143997E-03	4.4087448E+12
3.1159651E-03	4.4445718E+12
3.1175320E-03	4.4754313E+12
3.1191006E-03	4.5025247E+12
3.1206706E-03	4.5258043E+12
3.1222424E-03	4.5452522E+12
3.1238156E-03	4.5608305E+12
3.1253907E-03	4.5725459E+12
3.1269672E-03	4.5804054E+12
3.1285454E-03	4.5844099E+12
3.1301249E-03	4.5846220E+12
3.1317063E-03	4.5799241E+12
3.1332891E-03	4.5687900E+12
3.1348737E-03	4.5538665E+12
3.1364597E-03	4.5354556E+12
3.1380472E-03	4.5136504E+12
3.1396365E-03	4.4887781E+12
3.1412276E-03	4.4609475E+12
3.1428202E-03	4.4305454E+12
3.1444142E-03	4.3978119E+12
3.1460100E-03	4.3630970E+12
3.1476072E-03	4.3254746E+12
3.1492063E-03	4.2836265E+12
3.1508068E-03	4.2409821E+12
3.1524091E-03	4.1983244E+12
3.1540128E-03	4.1562111E+12
3.1556184E-03	4.1153895E+12
3.1572257E-03	4.0765169E+12
3.1588343E-03	4.0403772E+12
3.1604448E-03	4.0078242E+12
3.1620567E-03	3.9797400E+12
3.1636707E-03	3.9561729E+12
3.1652860E-03	3.9371328E+12
3.1669028E-03	3.9254938E+12
3.1685214E-03	3.9225230E+12
3.1701420E-03	3.9291992E+12
3.1717638E-03	3.9466708E+12
3.1733876E-03	3.9759539E+12
3.1750128E-03	4.0181020E+12
3.1766398E-03	4.0740393E+12
3.1782684E-03	4.1446971E+12
3.1798987E-03	4.2309881E+12
3.1815306E-03	4.3338250E+12
3.1831644E-03	4.4532735E+12
3.1847996E-03	4.5896283E+12
3.1864366E-03	4.7429980E+12
3.1880753E-03	4.9132320E+12
3.1897156E-03	5.0999816E+12
3.1913577E-03	5.3025542E+12
3.1930015E-03	5.5199500E+12
3.1946469E-03	5.7510083E+12
3.1962942E-03	5.9950354E+12
3.1979429E-03	6.2514145E+12
3.1995936E-03	6.5158930E+12
3.2012458E-03	6.7859302E+12
3.2028998E-03	7.0588399E+12
3.2045553E-03	7.3317555E+12
3.2062128E-03	7.6016870E+12
3.2078719E-03	7.8654329E+12
3.2095327E-03	8.1198290E+12
3.2111953E-03	8.3616265E+12
3.2128594E-03	8.5883486E+12
3.2145255E-03	8.7979843E+12
3.2161933E-03	8.9861788E+12
3.2178627E-03	9.1502691E+12
3.2195337E-03	9.2879996E+12
3.2212068E-03	9.3974425E+12
3.2228814E-03	9.4771447E+12
3.2245577E-03	9.5261169E+12
3.2262360E-03	9.5437205E+12
3.2279161E-03	9.5300178E+12
3.2295976E-03	9.4853113E+12
3.2312809E-03	9.4103688E+12
3.2329662E-03	9.3069705E+12
3.2346528E-03	9.1769758E+12
3.2363418E-03	9.0227194E+12
3.2380321E-03	8.8469340E+12
3.2397243E-03	8.6525891E+12
3.2414184E-03	8.4429334E+12
3.2431139E-03	8.2213892E+12
3.2448117E-03	7.9914656E+12
3.2465109E-03	7.7562034E+12
3.2482119E-03	7.5182688E+12
3.2499149E-03	7.2823797E+12
3.2516196E-03	7.0519709E+12
3.2533258E-03	6.8300617E+12
3.2550341E-03	6.6195578E+12
3.2567442E-03	6.4229235E+12
3.2584560E-03	6.2424582E+12
3.2601696E-03	6.0799959E+12
3.2618851E-03	5.9371301E+12
3.2636023E-03	5.8141992E+12
3.2653213E-03	5.7110868E+12
3.2670423E-03	5.6298955E+12
3.2687648E-03	5.5709206E+12
3.2704892E-03	5.5339482E+12
3.2722156E-03	5.5186916E+12
3.2739437E-03	5.5244505E+12
3.2756736E-03	5.5503705E+12
3.2774054E-03	5.5954549E+12
3.2791391E-03	5.6584922E+12
3.2808746E-03	5.7373608E+12
3.2826117E-03	5.8296050E+12
3.2843510E-03	5.9355593E+12
3.2860921E-03	6.0539805E+12
3.2878348E-03	6.1832838E+12
3.2895794E-03	6.3220560E+12
3.2913261E-03	6.4687362E+12
3.2930742E-03	6.6219177E+12
3.2948246E-03	6.7801461E+12
3.2965769E-03	6.9421324E+12
3.2983306E-03	7.1056563E+12
3.3000866E-03	7.2683419E+12
3.3018442E-03	7.4310282E+12
3.3036037E-03	7.5927486E+12
3.3053653E-03	7.7523378E+12
3.3071286E-03	7.9088312E+12
3.3088936E-03	8.0613659E+12
3.3106608E-03	8.2089316E+12
3.3124299E-03	8.3508600E+12
3.3142008E-03	8.4863151E+12
3.3159736E-03	8.6139080E+12
3.3177482E-03	8.7322786E+12
3.3195247E-03	8.8423943E+12
3.3213033E-03	8.9439259E+12
3.3230837E-03	9.0363616E+12
3.3248658E-03	9.1193683E+12
3.3266502E-03	9.1926117E+12
3.3284363E-03	9.2558165E+12
3.3302242E-03	9.3088086E+12
3.3320142E-03	9.3514683E+12
3.3338061E-03	9.3834400E+12
3.3355998E-03	9.4043374E+12
3.3373958E-03	9.4149975E+12
3.3391933E-03	9.4155340E+12
3.3409931E-03	9.4061296E+12
3.3427945E-03	9.3870084E+12
3.3445980E-03	9.3584709E+12
3.3464036E-03	9.3208255E+12
3.3482108E-03	9.2745401E+12
3.3500204E-03	9.2200065E+12
3.3518316E-03	9.1579783E+12
3.3536449E-03	9.0893597E+12
3.3554602E-03	9.0140230E+12
3.3572773E-03	8.9326110E+12
3.3590966E-03	8.8457507E+12
3.3609176E-03	8.7541267E+12
3.3627409E-03	8.6584450E+12
3.3645658E-03	8.5594195E+12
3.3663930E-03	8.4578301E+12
3.3682219E-03	8.3543879E+12
3.3700531E-03	8.2502870E+12
3.3718860E-03	8.1469273E+12
3.3737211E-03	8.0440376E+12
3.3755582E-03	7.9423199E+12
3.3773971E-03	7.8425432E+12
3.3792383E-03	7.7454183E+12
3.3810814E-03	7.6516737E+12
3.3829263E-03	7.5619802E+12
3.3847734E-03	7.4770317E+12
3.3866225E-03	7.3974538E+12
3.3884738E-03	7.3239432E+12
3.3903266E-03	7.2572318E+12
3.3921818E-03	7.1976014E+12
3.3940393E-03	7.1454808E+12
3.3958983E-03	7.1013161E+12
3.3977595E-03	7.0654223E+12
3.3996231E-03	7.0380774E+12
3.4014883E-03	7.0195059E+12
3.4033558E-03	7.0098470E+12
3.4052252E-03	7.0091490E+12
3.4070967E-03	7.0171188E+12
3.4089703E-03	7.0332100E+12
3.4108460E-03	7.0578514E+12
3.4127235E-03	7.0907623E+12
3.4146034E-03	7.1315647E+12
3.4164852E-03	7.1797905E+12
3.4183692E-03	7.2348872E+12
3.4202551E-03	7.2962240E+12
3.4221434E-03	7.3630843E+12
3.4240335E-03	7.4346645E+12
3.4259257E-03	7.5097532E+12
3.4278200E-03	7.5869213E+12
3.4297165E-03	7.6660326E+12
3.4316150E-03	7.7461941E+12
3.4335158E-03	7.8263749E+12
3.4354185E-03	7.9055965E+12
3.4373233E-03	7.9828822E+12
3.4392304E-03	8.0572796E+12
3.4411394E-03	8.1278680E+12
3.4430507E-03	8.1937910E+12
3.4449638E-03	8.2542390E+12
3.4468793E-03	8.3084589E+12
3.4487969E-03	8.3559362E+12
3.4507166E-03	8.3961781E+12
3.4526386E-03	8.4288026E+12
3.4545625E-03	8.4535463E+12
3.4564887E-03	8.4702697E+12
3.4584170E-03	8.4789375E+12
3.4603474E-03	8.4796668E+12
3.4622801E-03	8.4726695E+12
3.4642150E-03	8.4589289E+12
3.4661519E-03	8.4398184E+12
3.4680911E-03	8.4144311E+12
3.4700322E-03	8.3832565E+12
3.4719757E-03	8.3469393E+12
3.4739212E-03	8.3062154E+12
3.4758691E-03	8.2617814E+12
3.4778190E-03	8.2144351E+12
3.4797713E-03	8.1649118E+12
3.4817257E-03	8.1139944E+12
3.4836822E-03	8.0631176E+12
3.4856410E-03	8.0141300E+12
3.4876019E-03	7.9662486E+12
3.4895651E-03	7.9199752E+12
3.4915307E-03	7.8758903E+12
3.4934981E-03	7.8344983E+12
3.4954678E-03	7.7962134E+12
3.4974399E-03	7.7614145E+12
3.4994143E-03	7.7304419E+12
3.5013908E-03	7.7034805E+12
3.5033696E-03	7.6801149E+12
3.5053506E-03	7.6595099E+12
3.5073338E-03	7.6428776E+12
3.5093194E-03	7.6303309E+12
3.5113071E-03	7.6217488E+12
3.5132971E-03	7.6170909E+12
3.5152892E-03	7.6162572E+12
3.5172836E-03	7.6190466E+12
3.5192803E-03	7.6253465E+12
3.5212794E-03	7.6349856E+12
3.5232808E-03	7.6456231E+12
3.5252844E-03	7.6536275E+12
3.5272902E-03	7.6633383E+12
3.5292984E-03	7.6748832E+12
3.5313088E-03	7.6879996E+12
3.5333214E-03	7.7025997E+12
3.5353363E-03	7.7183951E+12
3.5373538E-03	7.7352402E+12
3.5393736E-03	7.7531076E+12
3.5413955E-03	7.7717402E+12
3.5434198E-03	7.7883140E+12
3.5454463E-03	7.7988458E+12
3.5474752E-03	7.8089801E+12
3.5495064E-03	7.8189947E+12
3.5515397E-03	7.8288977E+12
3.5535754E-03	7.8384317E+12
3.5556136E-03	7.8477330E+12
3.5576541E-03	7.8566907E+12
3.5596970E-03	7.8652574E+12
3.5617424E-03	7.8733635E+12
3.5637901E-03	7.8794501E+12
3.5658400E-03	7.8810362E+12
3.5678921E-03	7.8817342E+12
3.5699469E-03	7.8818931E+12
3.5720039E-03	7.8815281E+12
3.5740631E-03	7.8803941E+12
3.5761250E-03	7.8788485E+12
3.5781891E-03	7.8766342E+12
3.5802554E-03	7.8737950E+12
3.5823244E-03	7.8704260E+12
3.5843959E-03	7.8661183E+12
3.5864697E-03	7.8606035E+12
3.5885456E-03	7.8543839E+12
3.5906241E-03	7.8476586E+12
3.5927049E-03	7.8403535E+12
3.5947883E-03	7.8325745E+12
3.5968742E-03	7.8242390E+12
3.5989624E-03	7.8155293E+12
3.6010528E-03	7.8061928E+12
3.6031459E-03	7.7966042E+12
3.6052414E-03	7.7859421E+12
3.6073392E-03	7.7739339E+12
3.6094396E-03	7.7615062E+12
3.6115423E-03	7.7489761E+12
3.6136475E-03	7.7365949E+12
3.6157554E-03	7.7244843E+12
3.6178655E-03	7.7130637E+12
3.6199782E-03	7.7027054E+12
3.6220932E-03	7.6940423E+12
3.6242108E-03	7.6878826E+12
3.6263308E-03	7.6834101E+12
3.6284532E-03	7.6797678E+12
3.6305785E-03	7.6818472E+12
3.6327059E-03	7.6918226E+12
3.6348358E-03	7.7112336E+12
3.6369683E-03	7.7423730E+12
3.6391034E-03	7.7871248E+12
3.6412408E-03	7.8477968E+12
3.6433809E-03	7.9259209E+12
3.6455235E-03	8.0231641E+12
3.6476685E-03	8.1391868E+12
3.6498159E-03	8.2723990E+12
3.6519661E-03	8.4245036E+12
3.6541186E-03	8.5935098E+12
3.6562739E-03	8.7758929E+12
3.6584316E-03	8.9669213E+12
3.6605920E-03	9.1605542E+12
3.6627548E-03	9.3498383E+12
3.6649203E-03	9.5270868E+12
3.6670882E-03	9.6844152E+12
3.6692587E-03	9.8153139E+12
3.6714319E-03	9.9145833E+12
3.6736075E-03	9.9736846E+12
3.6757858E-03	9.9884257E+12
3.6779665E-03	9.9568635E+12
3.6801500E-03	9.8791124E+12
3.6823358E-03	9.7575123E+12
3.6845244E-03	9.5965018E+12
3.6867158E-03	9.4019163E+12
3.6889096E-03	9.1811219E+12
3.6911061E-03	8.9454416E+12
3.6933050E-03	8.7075615E+12
3.6955068E-03	8.4680634E+12
3.6977110E-03	8.2335124E+12
3.6999180E-03	8.0098642E+12
3.7021276E-03	7.8017681E+12
3.7043397E-03	7.6125379E+12
3.7065546E-03	7.4440875E+12
3.7087721E-03	7.2970297E+12
3.7109922E-03	7.1710628E+12
3.7132152E-03	7.0672644E+12
3.7154406E-03	6.9873069E+12
3.7176688E-03	6.9242756E+12
3.7198996E-03	6.8754722E+12
3.7221331E-03	6.8389695E+12
3.7243692E-03	6.8124316E+12
3.7266081E-03	6.7941274E+12
3.7288498E-03	6.7825672E+12
3.7310938E-03	6.7762473E+12
3.7333409E-03	6.7743467E+12
3.7355907E-03	6.7739080E+12
3.7378431E-03	6.7719589E+12
3.7400981E-03	6.7714424E+12
3.7423559E-03	6.7727094E+12
3.7446166E-03	6.7752847E+12
3.7468798E-03	6.7791184E+12
3.7491459E-03	6.7841958E+12
3.7514146E-03	6.7903489E+12
3.7536861E-03	6.7976054E+12
3.7559604E-03	6.8059847E+12
3.7582375E-03	6.8105662E+12
3.7605171E-03	6.8044877E+12
3.7627998E-03	6.7977909E+12
3.7650852E-03	6.7916093E+12
3.7673730E-03	6.7856444E+12
3.7696641E-03	6.7798702E+12
3.7719579E-03	6.7746472E+12
3.7742541E-03	6.7696263E+12
3.7765536E-03	6.7648333E+12
3.7788558E-03	6.7605928E+12
3.7811603E-03	6.7518353E+12
3.7834682E-03	6.7320633E+12
3.7857788E-03	6.7117794E+12
3.7880922E-03	6.6916358E+12
3.7904081E-03	6.6713294E+12
3.7927271E-03	6.6511951E+12
3.7950492E-03	6.6309857E+12
3.7973737E-03	6.6110642E+12
3.7997011E-03	6.5909691E+12
3.8020317E-03	6.5710495E+12
3.8043649E-03	6.5487907E+12
3.8067009E-03	6.5215208E+12
3.8090399E-03	6.4937770E+12
3.8113818E-03	6.4661237E+12
3.8137268E-03	6.4386644E+12
3.8160742E-03	6.4112908E+12
3.8184249E-03	6.3840044E+12
3.8207783E-03	6.3565950E+12
3.8231346E-03	6.3295844E+12
3.8254936E-03	6.3024615E+12
3.8278559E-03	6.2764946E+12
3.8302210E-03	6.2532067E+12
3.8325889E-03	6.2300278E+12
3.8349601E-03	6.2070184E+12
3.8373338E-03	6.1839619E+12
3.8397105E-03	6.1610795E+12
3.8420903E-03	6.1380495E+12
3.8444730E-03	6.1152927E+12
3.8468586E-03	6.0925931E+12
3.8492472E-03	6.0697519E+12
3.8516389E-03	6.0491038E+12
3.8540335E-03	6.0329082E+12
3.8564308E-03	6.0171793E+12
3.8588312E-03	6.0013301E+12
3.8612350E-03	5.9857574E+12
3.8636415E-03	5.9700790E+12
3.8660509E-03	5.9546692E+12
3.8684634E-03	5.9392467E+12
3.8708788E-03	5.9239153E+12
3.8732975E-03	5.9086537E+12
3.8757189E-03	5.8913872E+12
3.8781436E-03	5.8693198E+12
3.8805711E-03	5.8470105E+12
3.8830019E-03	5.8246685E+12
3.8854359E-03	5.8025825E+12
3.8878724E-03	5.7804838E+12
3.8903123E-03	5.7583307E+12
3.8927551E-03	5.7363404E+12
3.8952013E-03	5.7144265E+12
3.8976502E-03	5.6925672E+12
3.9001023E-03	5.6648799E+12
3.9025575E-03	5.6237013E+12
3.9050160E-03	5.5822853E+12
3.9074775E-03	5.5413882E+12
3.9099418E-03	5.5009286E+12
3.9124093E-03	5.4611566E+12
3.9148801E-03	5.4215215E+12
3.9173542E-03	5.3827387E+12
3.9198310E-03	5.3444249E+12
3.9223111E-03	5.3062580E+12
3.9247945E-03	5.2654337E+12
3.9272811E-03	5.2172312E+12
3.9297706E-03	5.1697862E+12
3.9322628E-03	5.1231309E+12
3.9347587E-03	5.0777922E+12
3.9372579E-03	5.0333088E+12
3.9397599E-03	4.9898031E+12
3.9422656E-03	4.9472514E+12
3.9447742E-03	4.9057132E+12
3.9472859E-03	4.8648277E+12
3.9498010E-03	4.8273319E+12
3.9523193E-03	4.7955497E+12
3.9548408E-03	4.7646898E+12
3.9573656E-03	4.7340633E+12
3.9598932E-03	4.7037674E+12
3.9624246E-03	4.6738123E+12
3.9649587E-03	4.6441660E+12
3.9674966E-03	4.6148500E+12
3.9700372E-03	4.5859216E+12
3.9725807E-03	4.5571271E+12
3.9751283E-03	4.5319620E+12
3.9776787E-03	4.5145087E+12
3.9802329E-03	4.4975968E+12
3.9827898E-03	4.4807461E+12
3.9853505E-03	4.4639476E+12
3.9879140E-03	4.4472166E+12
3.9904811E-03	4.4305294E+12
3.9930516E-03	4.4138213E+12
3.9956253E-03	4.3973319E+12
3.9982023E-03	4.3807285E+12
4.0007830E-03	4.3643285E+12
4.0033665E-03	4.3481077E+12
4.0059537E-03	4.3319553E+12
4.0085437E-03	4.3158654E+12
4.0111374E-03	4.2997297E+12
4.0137344E-03	4.2838339E+12
4.0163347E-03	4.2678242E+12
4.0189382E-03	4.2519473E+12
4.0215459E-03	4.2360556E+12
4.0241564E-03	4.2202868E+12
4.0267706E-03	4.2032692E+12
4.0293876E-03	4.1832848E+12
4.0320083E-03	4.1630897E+12
4.0346328E-03	4.1430705E+12
4.0372601E-03	4.1231313E+12
4.0398911E-03	4.1031821E+12
4.0425258E-03	4.0834012E+12
4.0451633E-03	4.0636977E+12
4.0478045E-03	4.0439895E+12
4.0504495E-03	4.0244505E+12
4.0530972E-03	4.0062171E+12
4.0557492E-03	3.9911543E+12
4.0584044E-03	3.9762713E+12
4.0610628E-03	3.9615259E+12
4.0637255E-03	3.9467569E+12
4.0663909E-03	3.9321169E+12
4.0690601E-03	3.9175386E+12
4.0717325E-03	3.9028464E+12
4.0744087E-03	3.8884643E+12
4.0770881E-03	3.8738865E+12
4.0797712E-03	3.8646905E+12
4.0824581E-03	3.8675377E+12
4.0851487E-03	3.8721288E+12
4.0878421E-03	3.8775340E+12
4.0905396E-03	3.8839553E+12
4.0932405E-03	3.8912344E+12
4.0959450E-03	3.8995143E+12
4.0986529E-03	3.9089333E+12
4.1013649E-03	3.9193325E+12
4.1040797E-03	3.9308615E+12
4.1067987E-03	3.9455563E+12
4.1095214E-03	3.9659555E+12
4.1122474E-03	3.9887804E+12
4.1149771E-03	4.0134670E+12
4.1177105E-03	4.0404267E+12
4.1204472E-03	4.0693006E+12
4.1231876E-03	4.1008069E+12
4.1259322E-03	4.1346416E+12
4.1286796E-03	4.1710313E+12
4.1314317E-03	4.2101455E+12
4.1341865E-03	4.2444625E+12
4.1369451E-03	4.2620381E+12
4.1397084E-03	4.2795951E+12
4.1424744E-03	4.2983064E+12
4.1452441E-03	4.3177806E+12
4.1480176E-03	4.3380312E+12
4.1507953E-03	4.3597410E+12
4.1535767E-03	4.3820361E+12
4.1563613E-03	4.4058947E+12
4.1591497E-03	4.4306045E+12
4.1619418E-03	4.4436322E+12
4.1647381E-03	4.4283749E+12
4.1675381E-03	4.4108385E+12
4.1703414E-03	4.3935999E+12
4.1731494E-03	4.3764248E+12
4.1759601E-03	4.3593042E+12
4.1787755E-03	4.3422441E+12
4.1815937E-03	4.3252422E+12
4.1844165E-03	4.3082935E+12
4.1872426E-03	4.2911682E+12
4.1900729E-03	4.2660393E+12
4.1929069E-03	4.2220284E+12
4.1957446E-03	4.1775230E+12
4.1985866E-03	4.1335242E+12
4.2014318E-03	4.0904559E+12
4.2042816E-03	4.0480854E+12
4.2071342E-03	4.0063926E+12
4.2099915E-03	3.9651774E+12
4.2128526E-03	3.9248420E+12
4.2157173E-03	3.8849644E+12
4.2185867E-03	3.8473555E+12
4.2214589E-03	3.8136059E+12
4.2243358E-03	3.7803376E+12
4.2272164E-03	3.7477284E+12
4.2301007E-03	3.7154011E+12
4.2329896E-03	3.6837482E+12
4.2358814E-03	3.6526061E+12
4.2387778E-03	3.6218420E+12
4.2416779E-03	3.5916495E+12
4.2445827E-03	3.5622315E+12
4.2474908E-03	3.5402768E+12
4.2504030E-03	3.5352725E+12
4.2533195E-03	3.5317034E+12
4.2562392E-03	3.5289729E+12
4.2591635E-03	3.5267203E+12
4.2620921E-03	3.5258944E+12
4.2650243E-03	3.5257142E+12
4.2679608E-03	3.5271900E+12
4.2709010E-03	3.5302353E+12
4.2738453E-03	3.5348131E+12
4.2767939E-03	3.5465601E+12
4.2797467E-03	3.5718746E+12
4.2827032E-03	3.6013115E+12
4.2856638E-03	3.6348617E+12
4.2886287E-03	3.6725310E+12
4.2915978E-03	3.7156238E+12
4.2945705E-03	3.7642464E+12
4.2975480E-03	3.8192880E+12
4.3005291E-03	3.8817250E+12
4.3035145E-03	3.9517702E+12
4.3065045E-03	4.0300558E+12
4.3094978E-03	4.1162753E+12
4.3124957E-03	4.2125333E+12
4.3154983E-03	4.3207385E+12
4.3185041E-03	4.4411529E+12
4.3215146E-03	4.5747333E+12
4.3245293E-03	4.7230156E+12
4.3275482E-03	4.8858913E+12
4.3305713E-03	5.0650225E+12
4.3335985E-03	5.2600401E+12
4.3366300E-03	5.4638605E+12
4.3396661E-03	5.6650468E+12
4.3427059E-03	5.8814683E+12
4.3457504E-03	6.1141367E+12
4.3487987E-03	6.3625918E+12
4.3518515E-03	6.6258491E+12
4.3549091E-03	6.9033383E+12
4.3579703E-03	7.1934048E+12
4.3610362E-03	7.4943228E+12
4.3641059E-03	7.8040383E+12
4.3671802E-03	8.1086962E+12
4.3702591E-03	8.3912689E+12
4.3733427E-03	8.6741466E+12
4.3764301E-03	8.9548180E+12
4.3795216E-03	9.2306041E+12
4.3826178E-03	9.4974996E+12
4.3857181E-03	9.7522653E+12
4.3888232E-03	9.9910322E+12
4.3919324E-03	1.0209977E+13
4.3950463E-03	1.0405853E+13
4.3981643E-03	1.0576126E+13
4.4012871E-03	1.0718291E+13
4.4044140E-03	1.0828240E+13
4.4075456E-03	1.0903878E+13
4.4106813E-03	1.0943556E+13
4.4138217E-03	1.0945687E+13
4.4169668E-03	1.0909908E+13
4.4201161E-03	1.0835716E+13
4.4232700E-03	1.0723712E+13
4.4264281E-03	1.0575077E+13
4.4295909E-03	1.0399931E+13
4.4327583E-03	1.0212114E+13
4.4359304E-03	9.9947867E+12
4.4391071E-03	9.7490798E+12
4.4422881E-03	9.4789023E+12
4.4454737E-03	9.1873734E+12
4.4486634E-03	8.8785340E+12
4.4518583E-03	8.5557454E+12
4.4550579E-03	8.2235257E+12
4.4582617E-03	7.8850520E+12
4.4614701E-03	7.5471321E+12
4.4646831E-03	7.2161775E+12
4.4679008E-03	6.8903768E+12
4.4711232E-03	6.5723192E+12
4.4743503E-03	6.2646652E+12
4.4775824E-03	5.9694993E+12
4.4808192E-03	5.6892713E+12
4.4840602E-03	5.4250158E+12
4.4873059E-03	5.1780342E+12
4.4905562E-03	4.9488768E+12
4.4938112E-03	4.7342730E+12
4.4970713E-03	4.5275735E+12
4.5003360E-03	4.3385690E+12
4.5036054E-03	4.1672987E+12
4.5068795E-03	4.0131698E+12
4.5101587E-03	3.8751711E+12
4.5134425E-03	3.7527903E+12
4.5167310E-03	3.6448198E+12
4.5200242E-03	3.5501791E+12
4.5233220E-03	3.4675460E+12
4.5266249E-03	3.3898334E+12
4.5299325E-03	3.3071199E+12
4.5332452E-03	3.2326660E+12
4.5365626E-03	3.1662131E+12
4.5398851E-03	3.1066013E+12
4.5432122E-03	3.0533251E+12
4.5465445E-03	3.0051831E+12
4.5498814E-03	2.9618177E+12
4.5532230E-03	2.9223878E+12
4.5565693E-03	2.8859236E+12
4.5599211E-03	2.8470860E+12
4.5632776E-03	2.7979940E+12
4.5666392E-03	2.7505357E+12
4.5700055E-03	2.7054090E+12
4.5733773E-03	2.6622857E+12
4.5767538E-03	2.6211027E+12
4.5801355E-03	2.5812989E+12
4.5835217E-03	2.5430186E+12
4.5869127E-03	2.5056755E+12
4.5903092E-03	2.4697068E+12
4.5937109E-03	2.4331845E+12
4.5971172E-03	2.3943842E+12
4.6005291E-03	2.3564935E+12
4.6039457E-03	2.3196385E+12
4.6073673E-03	2.2838916E+12
4.6107946E-03	2.2488340E+12
4.6142265E-03	2.2149147E+12
4.6176631E-03	2.1816253E+12
4.6211053E-03	2.1493618E+12
4.6245530E-03	2.1176849E+12
4.6280054E-03	2.0943269E+12
4.6314625E-03	2.0883105E+12
4.6349256E-03	2.0835592E+12
4.6383934E-03	2.0788606E+12
4.6418668E-03	2.0742165E+12
4.6453448E-03	2.0696270E+12
4.6488289E-03	2.0649917E+12
4.6523176E-03	2.0606049E+12
4.6558110E-03	2.0560707E+12
4.6593109E-03	2.0515881E+12
4.6628155E-03	2.0556963E+12
4.6663247E-03	2.0798723E+12
4.6698404E-03	2.1067250E+12
4.6733608E-03	2.1352324E+12
4.6768868E-03	2.1653202E+12
4.6804175E-03	2.1970936E+12
4.6839537E-03	2.2304731E+12
4.6874955E-03	2.2656670E+12
4.6910429E-03	2.3028996E+12
4.6945950E-03	2.3419427E+12
4.6981531E-03	2.3773920E+12
4.7017164E-03	2.4005389E+12
4.7052847E-03	2.4238016E+12
4.7088591E-03	2.4477210E+12
4.7124382E-03	2.4724987E+12
4.7160238E-03	2.4981390E+12
4.7196141E-03	2.5248364E+12
4.7232099E-03	2.5522734E+12
4.7268113E-03	2.5806388E+12
4.7304183E-03	2.6101610E+12
4.7340305E-03	2.6287939E+12
4.7376482E-03	2.6214731E+12
4.7412720E-03	2.6123125E+12
4.7449009E-03	2.6029990E+12
4.7485353E-03	2.5941029E+12
4.7521759E-03	2.5850515E+12
4.7558211E-03	2.5760392E+12
4.7594728E-03	2.5670674E+12
4.7631292E-03	2.5581268E+12
4.7667921E-03	2.5490375E+12
4.7704605E-03	2.5384697E+12
4.7741337E-03	2.5233531E+12
4.7778133E-03	2.5078509E+12
4.7814986E-03	2.4926165E+12
4.7851894E-03	2.4774594E+12
4.7888858E-03	2.4622038E+12
4.7925883E-03	2.4473862E+12
4.7962964E-03	2.4322942E+12
4.8000100E-03	2.4172794E+12
4.8037297E-03	2.4025222E+12
4.8074550E-03	2.3928106E+12
4.8111859E-03	2.3947788E+12
4.8149228E-03	2.3974073E+12
4.8186653E-03	2.4001281E+12
4.8224139E-03	2.4031230E+12
4.8261685E-03	2.4060423E+12
4.8299283E-03	2.4092312E+12
4.8336945E-03	2.4125241E+12
4.8374664E-03	2.4155575E+12
4.8412438E-03	2.4190464E+12
4.8450278E-03	2.4213082E+12
4.8488174E-03	2.4211525E+12
4.8526130E-03	2.4205199E+12
4.8564146E-03	2.4203045E+12
4.8602219E-03	2.4201475E+12
4.8640352E-03	2.4196821E+12
4.8678545E-03	2.4194505E+12
4.8716804E-03	2.4194612E+12
4.8755119E-03	2.4191584E+12
4.8793489E-03	2.4192786E+12
4.8831925E-03	2.4138918E+12
4.8870426E-03	2.3968151E+12
4.8908978E-03	2.3788974E+12
4.8947595E-03	2.3609185E+12
4.8986273E-03	2.3432399E+12
4.9025016E-03	2.3256729E+12
4.9063815E-03	2.3082214E+12
4.9102679E-03	2.2908781E+12
4.9141599E-03	2.2736482E+12
4.9180584E-03	2.2563624E+12
4.9219634E-03	2.2398683E+12
4.9258745E-03	2.2244863E+12
4.9297917E-03	2.2095966E+12
4.9337149E-03	2.1943008E+12
4.9376450E-03	2.1795726E+12
4.9415808E-03	2.1645976E+12
4.9455231E-03	2.1497093E+12
4.9494714E-03	2.1350548E+12
4.9534263E-03	2.1203218E+12
4.9573872E-03	2.1058258E+12
4.9613547E-03	2.0908521E+12
4.9653286E-03	2.0750476E+12
4.9693091E-03	2.0594261E+12
4.9732956E-03	2.0437512E+12
4.9772887E-03	2.0281634E+12
4.9812882E-03	2.0126718E+12
4.9852943E-03	1.9974114E+12
4.9893064E-03	1.9820948E+12
4.9933251E-03	1.9667206E+12
4.9973503E-03	1.9517218E+12
5.0013820E-03	1.9354420E+12
5.0054202E-03	1.9164491E+12
5.0094649E-03	1.8974321E+12
5.0135162E-03	1.8785664E+12
5.0175739E-03	1.8598697E+12
5.0216387E-03	1.8411891E+12
5.0257100E-03	1.8227898E+12
5.0297873E-03	1.8046714E+12
5.0338716E-03	1.7864443E+12
5.0379625E-03	1.7683621E+12
5.0420603E-03	1.7531453E+12
5.0461646E-03	1.7435523E+12
5.0502755E-03	1.7343438E+12
5.0543929E-03	1.7253898E+12
5.0585177E-03	1.7160893E+12
5.0626486E-03	1.7071567E+12
5.0667860E-03	1.6979977E+12
5.0709308E-03	1.6888461E+12
5.0750822E-03	1.6797055E+12
5.0792405E-03	1.6706895E+12
5.0834054E-03	1.6636685E+12
5.0875777E-03	1.6610837E+12
5.0917566E-03	1.6590333E+12
5.0959419E-03	1.6569883E+12
5.1001338E-03	1.6547131E+12
5.1043336E-03	1.6525605E+12
5.1085399E-03	1.6505259E+12
5.1127532E-03	1.6483766E+12
5.1169731E-03	1.6461118E+12
5.1212003E-03	1.6440816E+12
5.1254346E-03	1.6419512E+12
5.1296754E-03	1.6398587E+12
5.1339241E-03	1.6376477E+12
5.1381793E-03	1.6356716E+12
5.1424410E-03	1.6334593E+12
5.1467107E-03	1.6313619E+12
5.1509868E-03	1.6292602E+12
5.1552709E-03	1.6270388E+12
5.1595615E-03	1.6249302E+12
5.1638596E-03	1.6228198E+12
5.1681641E-03	1.6180902E+12
5.1724766E-03	1.6076377E+12
5.1767956E-03	1.5968132E+12
5.1811226E-03	1.5857581E+12
5.1854565E-03	1.5750565E+12
5.1897974E-03	1.5641210E+12
5.1941457E-03	1.5531888E+12
5.1985015E-03	1.5422574E+12
5.2028643E-03	1.5314430E+12
5.2072350E-03	1.5205160E+12
5.2116122E-03	1.5066714E+12
5.2159978E-03	1.4860853E+12
5.2203899E-03	1.4652528E+12
5.2247900E-03	1.4447139E+12
5.2291974E-03	1.4241473E+12
5.2336119E-03	1.4039687E+12
5.2380338E-03	1.3837693E+12
5.2424637E-03	1.3639483E+12
5.2469010E-03	1.3441089E+12
5.2513452E-03	1.3245382E+12
5.2557979E-03	1.3033487E+12
5.2602571E-03	1.2782381E+12
5.2647246E-03	1.2531553E+12
5.2691996E-03	1.2285409E+12
5.2736821E-03	1.2043077E+12
5.2781720E-03	1.1803508E+12
5.2826703E-03	1.1568461E+12
5.2871755E-03	1.1336150E+12
5.2916887E-03	1.1108124E+12
5.2962098E-03	1.0882788E+12
5.3007379E-03	1.0642116E+12
5.3052744E-03	1.0360065E+12
5.3098183E-03	1.0081862E+12
5.3143706E-03	9.8102205E+11
5.3189304E-03	9.5455851E+11
5.3234976E-03	9.2865923E+11
5.3280732E-03	9.0336527E+11
5.3326562E-03	8.7866860E+11
5.3372476E-03	8.5454821E+11
5.3418465E-03	8.3099473E+11
5.3464537E-03	8.1040243E+11
5.3510685E-03	7.9581026E+11
5.3556915E-03	7.8167665E+11
5.3603230E-03	7.6779218E+11
5.3649619E-03	7.5395678E+11
5.3696088E-03	7.4032073E+11
5.3742640E-03	7.2683612E+11
5.3789271E-03	7.1345282E+11
5.3835982E-03	7.0026948E+11
5.3882776E-03	6.8719330E+11
5.3929649E-03	6.7769147E+11
5.3976607E-03	6.7622029E+11
5.4023648E-03	6.7526563E+11
5.4070763E-03	6.7455679E+11
5.4117967E-03	6.7381532E+11
5.4165255E-03	6.7327952E+11
5.4212622E-03	6.7281166E+11
5.4260073E-03	6.7246313E+11
5.4307608E-03	6.7223564E+11
5.4355226E-03	6.7213148E+11
5.4402924E-03	6.7185194E+11
5.4450706E-03	6.7077138E+11
5.4498576E-03	6.6979823E+11
5.4546529E-03	6.6893644E+11
5.4594567E-03	6.6818732E+11
5.4642688E-03	6.6755327E+11
5.4690898E-03	6.6698789E+11
5.4739192E-03	6.6664255E+11
5.4787565E-03	6.6626476E+11
5.4836031E-03	6.6616591E+11
5.4884581E-03	6.6315985E+11
5.4933215E-03	6.5342654E+11
5.4981937E-03	6.4345546E+11
5.5030743E-03	6.3358093E+11
5.5079637E-03	6.2390721E+11
5.5128620E-03	6.1432983E+11
5.5177687E-03	6.0490596E+11
5.5226842E-03	5.9567767E+11
5.5276090E-03	5.8650455E+11
5.5325422E-03	5.7757511E+11
5.5374838E-03	5.6692705E+11
5.5424348E-03	5.5222000E+11
5.5473945E-03	5.3768646E+11
5.5523631E-03	5.2341657E+11
5.5573406E-03	5.0958215E+11
5.5623269E-03	4.9600598E+11
5.5673225E-03	4.8280890E+11
5.5723265E-03	4.6993933E+11
5.5773398E-03	4.5735453E+11
5.5823624E-03	4.4512380E+11
5.5873934E-03	4.3446436E+11
5.5924342E-03	4.2709802E+11
5.5974838E-03	4.2003315E+11
5.6025423E-03	4.1314485E+11
5.6076106E-03	4.0635802E+11
5.6126872E-03	3.9970970E+11
5.6177741E-03	3.9319491E+11
5.6228694E-03	3.8684412E+11
5.6279739E-03	3.8059163E+11
5.6330878E-03	3.7443669E+11
5.6382115E-03	3.7070538E+11
5.6433440E-03	3.7230996E+11
5.6484859E-03	3.7436423E+11
5.6536375E-03	3.7649973E+11
5.6587979E-03	3.7877633E+11
5.6639686E-03	3.8116461E+11
5.6691477E-03	3.8365938E+11
5.6743370E-03	3.8623080E+11
5.6795357E-03	3.8894115E+11
5.6847436E-03	3.9172218E+11
5.6899618E-03	3.9303280E+11
5.6951893E-03	3.9076089E+11
5.7004262E-03	3.8831370E+11
5.7056723E-03	3.8589003E+11
5.7109287E-03	3.8348841E+11
5.7161953E-03	3.8120628E+11
5.7214703E-03	3.7897534E+11
5.7267556E-03	3.7672987E+11
5.7320511E-03	3.7456412E+11
5.7373559E-03	3.7244502E+11
5.7426710E-03	3.6865531E+11
5.7479953E-03	3.6095380E+11
5.7533300E-03	3.5314623E+11
5.7586748E-03	3.4554175E+11
5.7640290E-03	3.3811272E+11
5.7693934E-03	3.3082502E+11
5.7747681E-03	3.2372735E+11
5.7801525E-03	3.1676180E+11
5.7855472E-03	3.0998227E+11
5.7909517E-03	3.0332793E+11
5.7963664E-03	2.9725258E+11
5.8017909E-03	2.9232876E+11
5.8072256E-03	2.8753656E+11
5.8126710E-03	2.8280562E+11
5.8181263E-03	2.7820975E+11
5.8235917E-03	2.7367259E+11
5.8290679E-03	2.6919272E+11
5.8345539E-03	2.6483989E+11
5.8400501E-03	2.6051847E+11
5.8455570E-03	2.5629628E+11
5.8510746E-03	2.5293818E+11
5.8566025E-03	2.5157440E+11
5.8621401E-03	2.5028686E+11
5.8676889E-03	2.4905643E+11
5.8732480E-03	2.4784150E+11
5.8788178E-03	2.4661927E+11
5.8843978E-03	2.4541104E+11
5.8899890E-03	2.4421543E+11
5.8955904E-03	2.4303284E+11
5.9012026E-03	2.4188189E+11
5.9068259E-03	2.4014911E+11
5.9124595E-03	2.3718444E+11
5.9181033E-03	2.3413801E+11
5.9237587E-03	2.3115197E+11
5.9294244E-03	2.2820562E+11
5.9351018E-03	2.2527973E+11
5.9407894E-03	2.2241071E+11
5.9464881E-03	2.1958041E+11
5.9521971E-03	2.1676797E+11
5.9579178E-03	2.1400950E+11
5.9636496E-03	2.1084160E+11
5.9693921E-03	2.0679664E+11
5.9751458E-03	2.0276912E+11
5.9809103E-03	1.9878585E+11
5.9866859E-03	1.9491112E+11
5.9924731E-03	1.9107828E+11
5.9982715E-03	1.8733549E+11
6.0040811E-03	1.8367926E+11
6.0099014E-03	1.8006359E+11
6.0157338E-03	1.7651739E+11
6.0215769E-03	1.7341908E+11
6.0274322E-03	1.7122677E+11
6.0332976E-03	1.6911731E+11
6.0391752E-03	1.6700608E+11
6.0450644E-03	1.6495986E+11
6.0509648E-03	1.6289961E+11
6.0568769E-03	1.6088961E+11
6.0628005E-03	1.5887891E+11
6.0687358E-03	1.5691647E+11
6.0746828E-03	1.5496619E+11
6.0806409E-03	1.5302121E+11
6.0866112E-03	1.5104314E+11
6.0925931E-03	1.4909939E+11
6.0985871E-03	1.4717934E+11
6.1045922E-03	1.4528359E+11
6.1106095E-03	1.4340014E+11
6.1166389E-03	1.4155131E+11
6.1226799E-03	1.3971444E+11
6.1287330E-03	1.3790035E+11
6.1347983E-03	1.3610923E+11
6.1408756E-03	1.3450372E+11
6.1469646E-03	1.3326528E+11
6.1530657E-03	1.3206079E+11
6.1591789E-03	1.3085649E+11
6.1653042E-03	1.2968261E+11
6.1714421E-03	1.2849985E+11
6.1775921E-03	1.2733694E+11
6.1837542E-03	1.2618438E+11
6.1899284E-03	1.2503311E+11
6.1961156E-03	1.2389273E+11
6.2023150E-03	1.2299467E+11
6.2085264E-03	1.2262626E+11
6.2147505E-03	1.2227831E+11
6.2209871E-03	1.2195650E+11
6.2272362E-03	1.2162850E+11
6.2334980E-03	1.2133728E+11
6.2397718E-03	1.2106616E+11
6.2460592E-03	1.2083116E+11
6.2523587E-03	1.2067476E+11
6.2586712E-03	1.2062517E+11
6.2649958E-03	1.2056863E+11
6.2713339E-03	1.2038837E+11
6.2776846E-03	1.2053543E+11
6.2840483E-03	1.2120468E+11
6.2904246E-03	1.2262800E+11
6.2968144E-03	1.2509382E+11
6.3032163E-03	1.2901967E+11
6.3096322E-03	1.3493619E+11
6.3160611E-03	1.4356158E+11
6.3225022E-03	1.5574884E+11
6.3289572E-03	1.7332120E+11
6.3354252E-03	1.9861854E+11
6.3419063E-03	2.3155419E+11
6.3484013E-03	2.7380417E+11
6.3549089E-03	3.2731538E+11
6.3614305E-03	3.9419954E+11
6.3679647E-03	4.7661121E+11
6.3745128E-03	5.7660630E+11
6.3810740E-03	6.9603575E+11
6.3876491E-03	8.3631914E+11
6.3942382E-03	9.9810136E+11
6.4008404E-03	1.1810563E+12
6.4074560E-03	1.3845433E+12
6.4140856E-03	1.6063159E+12
6.4207288E-03	1.8428345E+12
6.4273858E-03	2.0892052E+12
6.4340569E-03	2.3393174E+12
6.4407415E-03	2.5859672E+12
6.4474400E-03	2.8212131E+12
6.4541530E-03	3.0367220E+12
6.4608795E-03	3.2232656E+12
6.4676199E-03	3.3718141E+12
6.4743748E-03	3.4780841E+12
6.4811436E-03	3.5373047E+12
6.4879265E-03	3.5464701E+12
6.4947237E-03	3.5047852E+12
6.5015350E-03	3.4137033E+12
6.5083606E-03	3.2768935E+12
6.5152012E-03	3.0999125E+12
6.5220557E-03	2.8899311E+12
6.5289242E-03	2.6545672E+12
6.5358076E-03	2.4018661E+12
6.5427059E-03	2.1417739E+12
6.5496182E-03	1.8825762E+12
6.5565454E-03	1.6315078E+12
6.5634875E-03	1.3945743E+12
6.5704435E-03	1.1763302E+12
6.5774154E-03	9.7985692E+11
6.5844012E-03	8.0682143E+11
6.5914020E-03	6.5757008E+11
6.5984181E-03	5.3163343E+11
6.6054491E-03	4.2772580E+11
6.6124946E-03	3.4333412E+11
6.6195559E-03	2.7602456E+11
6.6266316E-03	2.2327494E+11
6.6337227E-03	1.8262859E+11
6.6408291E-03	1.5178047E+11
6.6479505E-03	1.2868971E+11
6.6550877E-03	1.1159691E+11
6.6622393E-03	9.9048140E+10
6.6694068E-03	8.9764041E+10
6.6765901E-03	8.2728603E+10
6.6837883E-03	7.7426762E+10
6.6910023E-03	7.3343501E+10
6.6982321E-03	7.0108966E+10
6.7054774E-03	6.7443846E+10
6.7127384E-03	6.5168022E+10
6.7200148E-03	6.3158393E+10
6.7273076E-03	6.1319575E+10
6.7346161E-03	5.9613716E+10
6.7419400E-03	5.7663624E+10
6.7492803E-03	5.5054816E+10
6.7566363E-03	5.2528786E+10
6.7640087E-03	5.0121152E+10
6.7713968E-03	4.7826376E+10
6.7788013E-03	4.5639556E+10
6.7862221E-03	4.3546235E+10
6.7936592E-03	4.1553286E+10
6.8011126E-03	3.9647917E+10
6.8085818E-03	3.7825821E+10
6.8160682E-03	3.6624228E+10
6.8235705E-03	3.6728186E+10
6.8310900E-03	3.6913753E+10
6.8386253E-03	3.7100719E+10
6.8461779E-03	3.7291477E+10
6.8537467E-03	3.7481342E+10
6.8613328E-03	3.7670344E+10
6.8689352E-03	3.7865441E+10
6.8765543E-03	3.8057391E+10
6.8841912E-03	3.8253202E+10
6.8918443E-03	3.8647836E+10
6.8995147E-03	3.9529504E+10
6.9072023E-03	4.0461466E+10
6.9149067E-03	4.1416852E+10
6.9226287E-03	4.2396328E+10
6.9303680E-03	4.3397715E+10
6.9381241E-03	4.4429660E+10
6.9458978E-03	4.5482039E+10
6.9536893E-03	4.6563735E+10
6.9614979E-03	4.7670048E+10
6.9693243E-03	4.8113672E+10
6.9771684E-03	4.6955861E+10
6.9850301E-03	4.5727907E+10
6.9929091E-03	4.4525947E+10
7.0008063E-03	4.3357149E+10
7.0087211E-03	4.2215507E+10
7.0166541E-03	4.1105567E+10
7.0246053E-03	4.0021466E+10
7.0325742E-03	3.8967348E+10
7.0405612E-03	3.7935841E+10
7.0485664E-03	3.7173144E+10
7.0565897E-03	3.6982021E+10
7.0646312E-03	3.6830338E+10
7.0726918E-03	3.6677308E+10
7.0807701E-03	3.6527104E+10
7.0888670E-03	3.6375548E+10
7.0969826E-03	3.6224756E+10
7.1051167E-03	3.6076702E+10
7.1132691E-03	3.5925295E+10
7.1214410E-03	3.5774687E+10
7.1296310E-03	3.6233741E+10
7.1378401E-03	3.8179619E+10
7.1460684E-03	4.0338293E+10
7.1543152E-03	4.2622105E+10
7.1625812E-03	4.5033409E+10
7.1708662E-03	4.7586740E+10
7.1791708E-03	5.0288500E+10
7.1874945E-03	5.3145497E+10
7.1958378E-03	5.6170591E+10
7.2042001E-03	5.9369707E+10
7.2125820E-03	6.2020950E+10
7.2209835E-03	6.3030696E+10
7.2294045E-03	6.3946129E+10
7.2378451E-03	6.4876483E+10
7.2463052E-03	6.5818403E+10
7.2547854E-03	6.6779458E+10
7.2632851E-03	6.7752488E+10
7.2718053E-03	6.8741207E+10
7.2803451E-03	6.9746499E+10
7.2889058E-03	7.0764095E+10
7.2974861E-03	7.1093783E+10
7.3060859E-03	6.9751225E+10
7.3147072E-03	6.8328411E+10
7.3233480E-03	6.6933589E+10
7.3320097E-03	6.5569714E+10
7.3406920E-03	6.4226004E+10
7.3493943E-03	6.2911824E+10
7.3581180E-03	6.1623532E+10
7.3668617E-03	6.0357489E+10
7.3756268E-03	5.9116713E+10
7.3844125E-03	5.8232643E+10
7.3932195E-03	5.8148816E+10
7.4020470E-03	5.8116513E+10
7.4108960E-03	5.8084656E+10
7.4197659E-03	5.8050286E+10
7.4286573E-03	5.8016311E+10
7.4375700E-03	5.7982917E+10
7.4465037E-03	5.7952961E+10
7.4554589E-03	5.7917479E+10
7.4644359E-03	5.7885529E+10
7.4734348E-03	5.8165482E+10
7.4824551E-03	5.9203101E+10
7.4914978E-03	6.0310956E+10
7.5005619E-03	6.1444374E+10
7.5096479E-03	6.2594784E+10
7.5187562E-03	6.3771858E+10
7.5278860E-03	6.4969877E+10
7.5370390E-03	6.6192377E+10
7.5462135E-03	6.7443767E+10
7.5554103E-03	6.8713653E+10
7.5646304E-03	6.8699134E+10
7.5738719E-03	6.5663290E+10
7.5831367E-03	6.2570401E+10
7.5924238E-03	5.9620156E+10
7.6017343E-03	5.6806347E+10
7.6110670E-03	5.4122779E+10
7.6204231E-03	5.1560843E+10
7.6298025E-03	4.9119637E+10
7.6392046E-03	4.6789427E+10
7.6486301E-03	4.4569774E+10
7.6580783E-03	4.1987866E+10
7.6675504E-03	3.8525653E+10
7.6770457E-03	3.5283572E+10
7.6865647E-03	3.2307045E+10
7.6961075E-03	2.9581818E+10
7.7056736E-03	2.7082633E+10
7.7152639E-03	2.4791594E+10
7.7248779E-03	2.2691549E+10
7.7345157E-03	2.0768021E+10
7.7441782E-03	1.9004870E+10
7.7538639E-03	1.7771188E+10
7.7635748E-03	1.7511531E+10
7.7733099E-03	1.7316095E+10
7.7830693E-03	1.7120350E+10
7.7928528E-03	1.6928390E+10
7.8026615E-03	1.6737673E+10
7.8124944E-03	1.6548985E+10
7.8223525E-03	1.6362404E+10
7.8322357E-03	1.6175534E+10
7.8421440E-03	1.5993759E+10
7.8520775E-03	1.5814580E+10
7.8620352E-03	1.5642453E+10
7.8720190E-03	1.5472462E+10
7.8820270E-03	1.5302800E+10
7.8920620E-03	1.5136352E+10
7.9021221E-03	1.4970234E+10
7.9122074E-03	1.4807268E+10
7.9223197E-03	1.4644686E+10
7.9324562E-03	1.4483809E+10
7.9426197E-03	1.4325953E+10
7.9528093E-03	1.3879092E+10
7.9630241E-03	1.2799834E+10
7.9732668E-03	1.1764730E+10
7.9835346E-03	1.0811208E+10
7.9938294E-03	9.9347887E+09
8.0041513E-03	9.1277676E+09
8.0144983E-03	8.3863157E+09
8.0248732E-03	7.7035417E+09
8.0352742E-03	7.0755912E+09
8.0457032E-03	6.4976240E+09
8.0561601E-03	6.0313351E+09
8.0666430E-03	5.7438610E+09
8.0771530E-03	5.4796581E+09
8.0876909E-03	5.2272647E+09
8.0982558E-03	4.9858708E+09
8.1088487E-03	4.7553042E+09
8.1194695E-03	4.5352025E+09
8.1301183E-03	4.3250968E+09
8.1407949E-03	4.1244470E+09
8.1514996E-03	3.9329163E+09
8.1622321E-03	3.7117515E+09
8.1729926E-03	3.4163854E+09
8.1837820E-03	3.1393075E+09
8.1945993E-03	2.8840867E+09
8.2054464E-03	2.6493703E+09
8.2163215E-03	2.4335339E+09
8.2272263E-03	2.2349996E+09
8.2381591E-03	2.0524827E+09
8.2491217E-03	1.8846583E+09
8.2601132E-03	1.7302629E+09
8.2711335E-03	1.5879787E+09
8.2821846E-03	1.4559819E+09
8.2932636E-03	1.3347437E+09
8.3043743E-03	1.2234628E+09
8.3155129E-03	1.1214500E+09
8.3266813E-03	1.0276853E+09
8.3378814E-03	9.4163682E+08
8.3491113E-03	8.6276147E+08
8.3603710E-03	7.9042437E+08
8.3716605E-03	7.2401348E+08
8.3829816E-03	6.9390041E+08
8.3943326E-03	7.4176439E+08
8.4057152E-03	7.9849769E+08
8.4171277E-03	8.5965424E+08
8.4285717E-03	9.2554136E+08
8.4400475E-03	9.9665284E+08
8.4515540E-03	1.0732637E+09
8.4630921E-03	1.1558956E+09
8.4746610E-03	1.2451335E+09
8.4862625E-03	1.3411991E+09
8.4978957E-03	1.4264820E+09
8.5095605E-03	1.4722051E+09
8.5212570E-03	1.5164315E+09
8.5329870E-03	1.5620798E+09
8.5447486E-03	1.6093173E+09
8.5565429E-03	1.6579354E+09
8.5683689E-03	1.7081003E+09
8.5802283E-03	1.7597521E+09
8.5921213E-03	1.8131878E+09
8.6040460E-03	1.8683571E+09
8.6160041E-03	1.9218491E+09
8.6279958E-03	1.9689070E+09
8.6400211E-03	2.0166945E+09
8.6520799E-03	2.0657385E+09
8.6641721E-03	2.1160660E+09
8.6762980E-03	2.1675519E+09
8.6884592E-03	2.2205764E+09
8.7006530E-03	2.2748102E+09
8.7128822E-03	2.3304718E+09
8.7251440E-03	2.3877975E+09
8.7374421E-03	2.3524687E+09
8.7497747E-03	2.1107971E+09
8.7621417E-03	1.8813868E+09
8.7745432E-03	1.6768394E+09
8.7869810E-03	1.4940817E+09
8.7994542E-03	1.3312092E+09
8.8119619E-03	1.1857443E+09
8.8245058E-03	1.0561027E+09
8.8370852E-03	9.4049383E+08
8.8497009E-03	8.3733702E+08
8.8623520E-03	7.1851870E+08
8.8750403E-03	5.6241374E+08
8.8877641E-03	4.3718261E+08
8.9005250E-03	3.3972111E+08
8.9133214E-03	2.6388253E+08
8.9261560E-03	2.0492274E+08
8.9390269E-03	1.5906261E+08
8.9519359E-03	1.2341337E+08
8.9648813E-03	9.5729999E+07
8.9778639E-03	7.4221683E+07
8.9908857E-03	5.4975054E+07
9.0039438E-03	3.6145885E+07
9.0170410E-03	2.3535987E+07
9.0301754E-03	1.5314912E+07
9.0433490E-03	9.9599513E+06
9.0565607E-03	6.4732467E+06
9.0698106E-03	4.2046098E+06
9.0830997E-03	2.7290487E+06
9.0964278E-03	1.7702946E+06
9.1097951E-03	1.1477114E+06
9.1232015E-03	1.5278674E+05
