1583 
1.64000267E-03           1.18148203E+14   
1.64087085E-03           1.30531224E+14   
1.64173996E-03           1.29370829E+14   
1.64260999E-03           1.29271113E+14   
1.64348093E-03           1.27297318E+14   
1.64435281E-03           1.28017252E+14   
1.64522561E-03           1.28866016E+14   
1.64609933E-03           1.25797707E+14   
1.64697399E-03           1.23682878E+14   
1.64784957E-03           1.24690310E+14   
1.64872609E-03           1.23053699E+14   
1.64960354E-03           1.19725320E+14   
1.65048192E-03           1.21019653E+14   
1.65136124E-03           1.21034575E+14   
1.65224150E-03           1.17620182E+14   
1.65312269E-03           1.15124005E+14   
1.65400483E-03           1.15561341E+14   
1.65488790E-03           1.15919330E+14   
1.65577193E-03           1.13049480E+14   
1.65665689E-03           1.12533411E+14   
1.65754281E-03           1.13819550E+14   
1.65842967E-03           1.17464337E+14   
1.65931748E-03           1.19583967E+14   
1.66020624E-03           1.17241273E+14   
1.66109595E-03           1.14241054E+14   
1.66198662E-03           1.10203674E+14   
1.66287824E-03           1.12880358E+14   
1.66377083E-03           1.18778918E+14   
1.66466437E-03           1.19095730E+14   
1.66555887E-03           1.17281033E+14   
1.66645433E-03           1.17978176E+14   
1.66735075E-03           1.18141860E+14   
1.66824814E-03           1.14191201E+14   
1.66914650E-03           1.15569006E+14   
1.67004582E-03           1.15256633E+14   
1.67094612E-03           1.14141232E+14   
1.67184738E-03           1.14483269E+14   
1.67274962E-03           1.13847537E+14   
1.67365284E-03           1.12163802E+14   
1.67455702E-03           1.13129977E+14   
1.67546219E-03           1.15861314E+14   
1.67636834E-03           1.14231033E+14   
1.67727546E-03           1.11140643E+14   
1.67818357E-03           1.09423334E+14   
1.67909266E-03           1.08750702E+14   
1.68000274E-03           1.07511549E+14   
1.68091380E-03           1.06177364E+14   
1.68182586E-03           1.06177123E+14   
1.68273890E-03           1.07701044E+14   
1.68365294E-03           1.04751665E+14   
1.68456796E-03           1.01247799E+14   
1.68548399E-03           1.01988176E+14   
1.68640101E-03           1.07196367E+14   
1.68731903E-03           1.07801962E+14   
1.68823805E-03           1.05312778E+14   
1.68915807E-03           1.06161812E+14   
1.69007909E-03           1.02347802E+14   
1.69100112E-03           9.83278093E+13   
1.69192416E-03           9.93523254E+13   
1.69284820E-03           9.92621735E+13   
1.69377325E-03           9.94130801E+13   
1.69469932E-03           9.65540964E+13   
1.69562640E-03           9.51461022E+13   
1.69655449E-03           9.65256201E+13   
1.69748360E-03           9.66307030E+13   
1.69841373E-03           9.63524582E+13   
1.69934488E-03           9.65284136E+13   
1.70027705E-03           9.32710314E+13   
1.70121024E-03           9.17373996E+13   
1.70214446E-03           9.07073933E+13   
1.70307970E-03           9.03920088E+13   
1.70401598E-03           8.83487220E+13   
1.70495328E-03           8.93378412E+13   
1.70589161E-03           9.03469792E+13   
1.70683098E-03           8.79123130E+13   
1.70777138E-03           8.55794533E+13   
1.70871282E-03           8.81623264E+13   
1.70965530E-03           9.10645946E+13   
1.71059882E-03           9.15693963E+13   
1.71154338E-03           9.00624975E+13   
1.71248898E-03           9.26663142E+13   
1.71343563E-03           9.53310486E+13   
1.71438333E-03           9.41034201E+13   
1.71533208E-03           9.38777191E+13   
1.71628187E-03           9.39537042E+13   
1.71723272E-03           9.17385212E+13   
1.71818462E-03           8.92762670E+13   
1.71913758E-03           8.58994498E+13   
1.72009160E-03           8.26486441E+13   
1.72104668E-03           7.92934215E+13   
1.72200281E-03           7.87483964E+13   
1.72296001E-03           7.84568722E+13   
1.72391828E-03           8.00412811E+13   
1.72487761E-03           8.14831301E+13   
1.72583801E-03           8.26691509E+13   
1.72679948E-03           8.47610953E+13   
1.72776202E-03           8.62323942E+13   
1.72872564E-03           8.68820271E+13   
1.72969033E-03           8.76876512E+13   
1.73065610E-03           8.65690109E+13   
1.73162294E-03           8.62661299E+13   
1.73259087E-03           8.79238096E+13   
1.73355988E-03           8.80013461E+13   
1.73452998E-03           8.87742980E+13   
1.73550116E-03           8.94098413E+13   
1.73647343E-03           8.72682350E+13   
1.73744679E-03           8.58259925E+13   
1.73842124E-03           8.85363187E+13   
1.73939678E-03           9.07919292E+13   
1.74037342E-03           8.95945269E+13   
1.74135116E-03           8.98652846E+13   
1.74233000E-03           9.15967959E+13   
1.74330994E-03           9.16193332E+13   
1.74429098E-03           8.91467514E+13   
1.74527313E-03           8.72111189E+13   
1.74625638E-03           8.78779781E+13   
1.74724074E-03           8.84983222E+13   
1.74822621E-03           8.91162349E+13   
1.74921279E-03           8.96660470E+13   
1.75020049E-03           9.18745689E+13   
1.75118931E-03           9.23299035E+13   
1.75217924E-03           9.20645999E+13   
1.75317029E-03           9.19520446E+13   
1.75416246E-03           9.10580901E+13   
1.75515576E-03           8.96467484E+13   
1.75615018E-03           9.07925098E+13   
1.75714573E-03           9.27114885E+13   
1.75814241E-03           9.27694979E+13   
1.75914022E-03           9.41183083E+13   
1.76013917E-03           9.76752255E+13   
1.76113925E-03           9.67796434E+13   
1.76214046E-03           9.46876154E+13   
1.76314282E-03           9.41841945E+13   
1.76414632E-03           9.44716998E+13   
1.76515095E-03           9.20523169E+13   
1.76615674E-03           9.05127801E+13   
1.76716367E-03           9.08252224E+13   
1.76817175E-03           9.12422165E+13   
1.76918098E-03           9.11707909E+13   
1.77019136E-03           9.15850600E+13   
1.77120290E-03           9.09221760E+13   
1.77221560E-03           8.98823101E+13   
1.77322945E-03           8.99803898E+13   
1.77424446E-03           9.23433606E+13   
1.77526064E-03           9.35251383E+13   
1.77627798E-03           9.00405394E+13   
1.77729649E-03           8.88214755E+13   
1.77831617E-03           9.01688095E+13   
1.77933702E-03           8.99929046E+13   
1.78035904E-03           8.95265786E+13   
1.78138223E-03           8.92894940E+13   
1.78240660E-03           8.74803772E+13   
1.78343215E-03           8.66066222E+13   
1.78445888E-03           8.71995136E+13   
1.78548680E-03           8.64932334E+13   
1.78651590E-03           8.52136945E+13   
1.78754618E-03           8.54972039E+13   
1.78857766E-03           8.46940966E+13   
1.78961033E-03           8.45475671E+13   
1.79064418E-03           8.60745381E+13   
1.79167924E-03           8.58643349E+13   
1.79271549E-03           8.37836194E+13   
1.79375294E-03           8.23999954E+13   
1.79479160E-03           8.25812681E+13   
1.79583145E-03           8.20130645E+13   
1.79687251E-03           7.91038810E+13   
1.79791478E-03           7.78172736E+13   
1.79895826E-03           7.85875577E+13   
1.80000295E-03           7.87923316E+13   
1.80104886E-03           7.61683404E+13   
1.80209598E-03           7.34130339E+13   
1.80314432E-03           7.28653769E+13   
1.80419388E-03           7.28380370E+13   
1.80524466E-03           7.38261792E+13   
1.80629667E-03           7.75143317E+13   
1.80734991E-03           8.16655956E+13   
1.80840437E-03           8.25133804E+13   
1.80946006E-03           8.15384300E+13   
1.81051699E-03           8.17313257E+13   
1.81157515E-03           8.16473104E+13   
1.81263456E-03           8.27239479E+13   
1.81369520E-03           8.41106876E+13   
1.81475708E-03           8.34926336E+13   
1.81582021E-03           8.42462619E+13   
1.81688458E-03           8.56806255E+13   
1.81795020E-03           8.50815285E+13   
1.81901707E-03           8.28100749E+13   
1.82008520E-03           8.09932031E+13   
1.82115458E-03           7.99777022E+13   
1.82222522E-03           7.91590819E+13   
1.82329711E-03           7.95801130E+13   
1.82437027E-03           8.07711527E+13   
1.82544470E-03           8.10331068E+13   
1.82652039E-03           8.00824688E+13   
1.82759734E-03           7.93459814E+13   
1.82867557E-03           8.07576377E+13   
1.82975507E-03           8.08251708E+13   
1.83083585E-03           7.96129743E+13   
1.83191791E-03           7.93576351E+13   
1.83300124E-03           7.89126251E+13   
1.83408586E-03           7.89626144E+13   
1.83517176E-03           8.04338581E+13   
1.83625894E-03           7.96666110E+13   
1.83734742E-03           7.82217266E+13   
1.83843719E-03           7.62159627E+13   
1.83952825E-03           7.67015691E+13   
1.84062060E-03           7.75984833E+13   
1.84171426E-03           7.94484116E+13   
1.84280921E-03           8.04863697E+13   
1.84390547E-03           7.92776420E+13   
1.84500304E-03           7.87444795E+13   
1.84610191E-03           7.91626115E+13   
1.84720209E-03           8.04525921E+13   
1.84830358E-03           7.89728346E+13   
1.84940638E-03           7.64792896E+13   
1.85051051E-03           7.57877950E+13   
1.85161595E-03           7.64642113E+13   
1.85272271E-03           7.67141475E+13   
1.85383080E-03           7.76432968E+13   
1.85494022E-03           7.80914981E+13   
1.85605096E-03           7.68152780E+13   
1.85716303E-03           7.61286284E+13   
1.85827644E-03           7.70508633E+13   
1.85939118E-03           7.60375330E+13   
1.86050727E-03           7.43725714E+13   
1.86162469E-03           7.48016925E+13   
1.86274345E-03           7.58634077E+13   
1.86386356E-03           7.57086221E+13   
1.86498502E-03           7.53192578E+13   
1.86610783E-03           7.53456506E+13   
1.86723199E-03           7.46697363E+13   
1.86835751E-03           7.44450496E+13   
1.86948438E-03           7.48843367E+13   
1.87061262E-03           7.58229008E+13   
1.87174221E-03           7.66148036E+13   
1.87287318E-03           7.62620735E+13   
1.87400551E-03           7.64977722E+13   
1.87513921E-03           7.67322825E+13   
1.87627428E-03           7.65398924E+13   
1.87741073E-03           7.61885107E+13   
1.87854855E-03           7.47422962E+13   
1.87968776E-03           7.39008180E+13   
1.88082834E-03           7.60733054E+13   
1.88197032E-03           7.96964967E+13   
1.88311368E-03           8.38325267E+13   
1.88425843E-03           8.42052334E+13   
1.88540457E-03           8.00834269E+13   
1.88655211E-03           7.51037930E+13   
1.88770104E-03           7.29114273E+13   
1.88885138E-03           7.39779386E+13   
1.89000312E-03           7.53526068E+13   
1.89115626E-03           7.45912360E+13   
1.89231081E-03           7.39187695E+13   
1.89346678E-03           7.44220636E+13   
1.89462415E-03           7.52160542E+13   
1.89578294E-03           7.50438195E+13   
1.89694315E-03           7.40651444E+13   
1.89810479E-03           7.32267888E+13   
1.89926784E-03           7.25621951E+13   
1.90043232E-03           7.25995925E+13   
1.90159823E-03           7.25683704E+13   
1.90276557E-03           7.26049657E+13   
1.90393435E-03           7.27259798E+13   
1.90510456E-03           7.24225969E+13   
1.90627621E-03           7.23737086E+13   
1.90744930E-03           7.00117685E+13   
1.90862384E-03           6.77256213E+13   
1.90979983E-03           6.74155666E+13   
1.91097726E-03           6.78618626E+13   
1.91215615E-03           6.92781742E+13   
1.91333649E-03           7.05216658E+13   
1.91451830E-03           7.03744546E+13   
1.91570156E-03           7.04774454E+13   
1.91688628E-03           7.08957860E+13   
1.91807248E-03           7.07975423E+13   
1.91926014E-03           7.06496198E+13   
1.92044927E-03           7.02372497E+13   
1.92163988E-03           7.02223568E+13   
1.92283196E-03           7.10147435E+13   
1.92402553E-03           7.09320138E+13   
1.92522057E-03           7.13254238E+13   
1.92641711E-03           7.19792604E+13   
1.92761513E-03           7.12889594E+13   
1.92881464E-03           6.99641194E+13   
1.93001564E-03           6.99802644E+13   
1.93121815E-03           6.96544214E+13   
1.93242215E-03           6.91346335E+13   
1.93362765E-03           6.86488765E+13   
1.93483466E-03           6.84396022E+13   
1.93604318E-03           6.78917357E+13   
1.93725320E-03           6.79257500E+13   
1.93846475E-03           6.83775305E+13   
1.93967780E-03           6.77034565E+13   
1.94089238E-03           6.60540805E+13   
1.94210848E-03           6.53382709E+13   
1.94332610E-03           6.52953547E+13   
1.94454525E-03           6.42802801E+13   
1.94576593E-03           6.45888024E+13   
1.94698815E-03           6.47053634E+13   
1.94821190E-03           6.44884388E+13   
1.94943719E-03           6.42245807E+13   
1.95066402E-03           6.42297596E+13   
1.95189240E-03           6.47387859E+13   
1.95312233E-03           6.43177737E+13   
1.95435380E-03           6.38823484E+13   
1.95558683E-03           6.35735930E+13   
1.95682142E-03           6.36097064E+13   
1.95805757E-03           6.42852669E+13   
1.95929528E-03           6.47866125E+13   
1.96053456E-03           6.46171893E+13   
1.96177540E-03           6.32842149E+13   
1.96301782E-03           6.22967472E+13   
1.96426181E-03           6.12508870E+13   
1.96550738E-03           6.17671531E+13   
1.96675453E-03           6.26199805E+13   
1.96800326E-03           6.24701125E+13   
1.96925358E-03           6.19983239E+13   
1.97050549E-03           6.12677079E+13   
1.97175899E-03           6.05701448E+13   
1.97301409E-03           6.00885121E+13   
1.97427079E-03           5.96693263E+13   
1.97552909E-03           5.98897058E+13   
1.97678899E-03           6.07156542E+13   
1.97805050E-03           6.08569183E+13   
1.97931363E-03           5.93050734E+13   
1.98057837E-03           5.76231475E+13   
1.98184472E-03           5.73321373E+13   
1.98311269E-03           5.73273958E+13   
1.98438229E-03           5.78321903E+13   
1.98565352E-03           5.76762921E+13   
1.98692637E-03           5.76850108E+13   
1.98820086E-03           5.74250705E+13   
1.98947699E-03           5.72253626E+13   
1.99075475E-03           5.71003927E+13   
1.99203415E-03           5.75833218E+13   
1.99331521E-03           5.79753470E+13   
1.99459791E-03           5.79521586E+13   
1.99588226E-03           5.86066465E+13   
1.99716826E-03           5.95524784E+13   
1.99845593E-03           6.01420559E+13   
1.99974526E-03           6.00844066E+13   
2.00103625E-03           5.94271449E+13   
2.00232891E-03           5.92683410E+13   
2.00362324E-03           5.89787591E+13   
2.00491924E-03           5.95186702E+13   
2.00621693E-03           6.04769770E+13   
2.00751629E-03           6.02437685E+13   
2.00881734E-03           5.90861344E+13   
2.01012007E-03           5.73845278E+13   
2.01142450E-03           5.65098936E+13   
2.01273062E-03           5.75638748E+13   
2.01403844E-03           5.90150271E+13   
2.01534795E-03           5.97159325E+13   
2.01665918E-03           6.05852336E+13   
2.01797211E-03           6.08520159E+13   
2.01928675E-03           6.05055631E+13   
2.02060310E-03           5.98619100E+13   
2.02192117E-03           5.96598699E+13   
2.02324096E-03           5.96846612E+13   
2.02456248E-03           5.96666942E+13   
2.02588572E-03           6.02826013E+13   
2.02721070E-03           6.12614453E+13   
2.02853741E-03           6.10430721E+13   
2.02986585E-03           6.03909756E+13   
2.03119604E-03           6.04401798E+13   
2.03252797E-03           5.90795660E+13   
2.03386165E-03           5.84063731E+13   
2.03519708E-03           5.92087947E+13   
2.03653427E-03           5.98412986E+13   
2.03787321E-03           5.99864612E+13   
2.03921392E-03           6.02965435E+13   
2.04055639E-03           6.15703604E+13   
2.04190063E-03           6.20543829E+13   
2.04324665E-03           6.08192787E+13   
2.04459443E-03           5.94653614E+13   
2.04594400E-03           5.92930398E+13   
2.04729535E-03           5.97764739E+13   
2.04864849E-03           5.99170138E+13   
2.05000342E-03           5.95398918E+13   
2.05136014E-03           5.93132526E+13   
2.05271865E-03           6.01302345E+13   
2.05407897E-03           5.98891785E+13   
2.05544109E-03           5.95408270E+13   
2.05680502E-03           5.83990913E+13   
2.05817076E-03           5.74497238E+13   
2.05953832E-03           5.66647691E+13   
2.06090769E-03           5.56015516E+13   
2.06227889E-03           5.46892151E+13   
2.06365191E-03           5.51667239E+13   
2.06502676E-03           5.57617824E+13   
2.06640345E-03           5.57168001E+13   
2.06778197E-03           5.55259287E+13   
2.06916233E-03           5.53222983E+13   
2.07054454E-03           5.45780261E+13   
2.07192859E-03           5.45609326E+13   
2.07331450E-03           5.47145162E+13   
2.07470226E-03           5.45129557E+13   
2.07609188E-03           5.52022697E+13   
2.07748336E-03           5.49607496E+13   
2.07887671E-03           5.46286163E+13   
2.08027193E-03           5.43105373E+13   
2.08166902E-03           5.35258554E+13   
2.08306799E-03           5.34180853E+13   
2.08446885E-03           5.38149753E+13   
2.08587159E-03           5.37839386E+13   
2.08727621E-03           5.38042720E+13   
2.08868273E-03           5.36442171E+13   
2.09009115E-03           5.27274178E+13   
2.09150147E-03           5.18396455E+13   
2.09291369E-03           5.15941941E+13   
2.09432782E-03           5.11326276E+13   
2.09574387E-03           5.09781359E+13   
2.09716183E-03           5.08493962E+13   
2.09858171E-03           5.00109842E+13   
2.10000351E-03           4.77207944E+13   
2.10142724E-03           4.42907010E+13   
2.10285290E-03           4.00426906E+13   
2.10428050E-03           3.78110360E+13   
2.10571004E-03           4.00555981E+13   
2.10714152E-03           4.39563925E+13   
2.10857495E-03           4.79285489E+13   
2.11001034E-03           5.05123203E+13   
2.11144767E-03           5.11311440E+13   
2.11288697E-03           5.08404041E+13   
2.11432823E-03           5.02530659E+13   
2.11577146E-03           5.01502989E+13   
2.11721666E-03           5.02328510E+13   
2.11866383E-03           5.01299851E+13   
2.12011299E-03           5.17731115E+13   
2.12156413E-03           5.25748910E+13   
2.12301725E-03           5.22098770E+13   
2.12447237E-03           5.22004235E+13   
2.12592949E-03           5.24955675E+13   
2.12738860E-03           5.23511189E+13   
2.12884972E-03           5.23648404E+13   
2.13031285E-03           5.23176147E+13   
2.13177799E-03           5.24033215E+13   
2.13324514E-03           5.18245798E+13   
2.13471432E-03           5.17778724E+13   
2.13618552E-03           5.21517389E+13   
2.13765875E-03           5.24278103E+13   
2.13913402E-03           5.10147201E+13   
2.14061132E-03           4.93563352E+13   
2.14209067E-03           4.80382907E+13   
2.14357206E-03           4.76532725E+13   
2.14505550E-03           4.78631162E+13   
2.14654099E-03           4.87707408E+13   
2.14802855E-03           4.95915708E+13   
2.14951817E-03           4.94767442E+13   
2.15100985E-03           4.93738819E+13   
2.15250361E-03           4.85427856E+13   
2.15399944E-03           4.81838069E+13   
2.15549736E-03           4.85513891E+13   
2.15699736E-03           3.84916171E+13   
2.15849944E-03           3.97394585E+13   
2.16000362E-03           4.68530270E+13   
2.16150990E-03           4.86810390E+13   
2.16301828E-03           4.84287591E+13   
2.16452877E-03           4.90321949E+13   
2.16604137E-03           4.87566088E+13   
2.16755609E-03           4.80792172E+13   
2.16907292E-03           4.76914013E+13   
2.17059188E-03           4.61363419E+13   
2.17211297E-03           4.47475895E+13   
2.17363619E-03           4.48817556E+13   
2.17516155E-03           4.53794044E+13   
2.17668905E-03           4.57497265E+13   
2.17821870E-03           4.57554428E+13   
2.17975050E-03           4.52744077E+13   
2.18128445E-03           4.47161064E+13   
2.18282057E-03           4.43739325E+13   
2.18435885E-03           4.50334309E+13   
2.18589930E-03           4.49831609E+13   
2.18744193E-03           4.47761188E+13   
2.18898673E-03           4.49047949E+13   
2.19053372E-03           4.42858300E+13   
2.19208289E-03           4.34912499E+13   
2.19363426E-03           4.37098284E+13   
2.19518783E-03           4.39493703E+13   
2.19674360E-03           4.36902731E+13   
2.19830157E-03           4.33106940E+13   
2.19986176E-03           4.32076034E+13   
2.20142416E-03           4.32364753E+13   
2.20298878E-03           4.31334588E+13   
2.20455563E-03           4.29212663E+13   
2.20612471E-03           4.22841478E+13   
2.20769602E-03           4.21939256E+13   
2.20926958E-03           4.30056688E+13   
2.21084538E-03           4.35643136E+13   
2.21242343E-03           4.30275779E+13   
2.21400373E-03           4.20934231E+13   
2.21558629E-03           4.17231936E+13   
2.21717112E-03           4.11177987E+13   
2.21875821E-03           4.08258189E+13   
2.22034758E-03           4.15195786E+13   
2.22193923E-03           4.26480163E+13   
2.22353316E-03           4.30892530E+13   
2.22512938E-03           4.24967513E+13   
2.22672789E-03           4.21399965E+13   
2.22832870E-03           4.23351479E+13   
2.22993182E-03           4.24869324E+13   
2.23153724E-03           4.23004087E+13   
2.23314498E-03           4.21459886E+13   
2.23475503E-03           4.24223903E+13   
2.23636741E-03           4.25192547E+13   
2.23798211E-03           4.23123090E+13   
2.23959915E-03           4.19495434E+13   
2.24121853E-03           4.12238248E+13   
2.24284025E-03           4.02829076E+13   
2.24446432E-03           4.02473377E+13   
2.24609075E-03           2.14034856E+13   
2.24771953E-03           2.11093728E+13   
2.24935068E-03           4.01297439E+13   
2.25098419E-03           4.00013519E+13   
2.25262008E-03           2.09411520E+13   
2.25425835E-03           2.07932499E+13   
2.25589901E-03           3.96180075E+13   
2.25754205E-03           3.95315682E+13   
2.25918749E-03           3.94858990E+13   
2.26083533E-03           3.91461509E+13   
2.26248558E-03           3.85446030E+13   
2.26413823E-03           3.81069509E+13   
2.26579330E-03           3.79932877E+13   
2.26745080E-03           3.85532542E+13   
2.26911072E-03           3.91807197E+13   
2.27077307E-03           3.91947975E+13   
2.27243786E-03           3.87692501E+13   
2.27410509E-03           3.82755842E+13   
2.27577477E-03           3.83603888E+13   
2.27744691E-03           3.88512366E+13   
2.27912150E-03           3.93000870E+13   
2.28079856E-03           3.88678358E+13   
2.28247809E-03           3.78657526E+13   
2.28416009E-03           3.80181180E+13   
2.28584458E-03           3.85129036E+13   
2.28753155E-03           3.88584337E+13   
2.28922101E-03           3.86455010E+13   
2.29091297E-03           3.73223570E+13   
2.29260743E-03           3.59075919E+13   
2.29430440E-03           3.54108058E+13   
2.29600389E-03           3.55258329E+13   
2.29770589E-03           3.60264591E+13   
2.29941042E-03           3.69197479E+13   
2.30111748E-03           3.76357441E+13   
2.30282708E-03           3.84826295E+13   
2.30453922E-03           3.84352137E+13   
2.30625391E-03           3.81012076E+13   
2.30797115E-03           3.76540735E+13   
2.30969095E-03           3.75129703E+13   
2.31141332E-03           3.77802204E+13   
2.31313825E-03           3.84436206E+13   
2.31486576E-03           3.89243387E+13   
2.31659586E-03           3.81869238E+13   
2.31832854E-03           3.70482195E+13   
2.32006382E-03           3.62615004E+13   
2.32180169E-03           3.60209994E+13   
2.32354217E-03           3.54357568E+13   
2.32528527E-03           3.45733334E+13   
2.32703098E-03           3.37703383E+13   
2.32877931E-03           3.39077088E+13   
2.33053027E-03           3.50346436E+13   
2.33228387E-03           3.61655041E+13   
2.33404011E-03           3.68210867E+13   
2.33579899E-03           3.62966722E+13   
2.33756053E-03           3.50130246E+13   
2.33932473E-03           3.38264556E+13   
2.34109159E-03           3.38047140E+13   
2.34286112E-03           3.50036868E+13   
2.34463333E-03           3.52970697E+13   
2.34640823E-03           3.44733285E+13   
2.34818581E-03           3.35716432E+13   
2.34996609E-03           3.24029642E+13   
2.35174907E-03           3.06448455E+13   
2.35353475E-03           2.91731104E+13   
2.35532316E-03           2.90349717E+13   
2.35711428E-03           2.99082175E+13   
2.35890812E-03           3.13485529E+13   
2.36070470E-03           3.19182502E+13   
2.36250402E-03           3.16676689E+13   
2.36430608E-03           3.18967276E+13   
2.36611090E-03           3.21245181E+13   
2.36791847E-03           3.19539359E+13   
2.36972881E-03           3.08594477E+13   
2.37154191E-03           2.97082630E+13   
2.37335779E-03           2.94473150E+13   
2.37517646E-03           2.97469702E+13   
2.37699791E-03           2.94081985E+13   
2.37882217E-03           2.81742809E+13   
2.38064922E-03           2.71195095E+13   
2.38247908E-03           2.73776310E+13   
2.38431176E-03           2.86802764E+13   
2.38614725E-03           2.86313899E+13   
2.38798558E-03           2.73091318E+13   
2.38982674E-03           2.56064914E+13   
2.39167075E-03           2.39886057E+13   
2.39351760E-03           2.33264605E+13   
2.39536730E-03           2.32468900E+13   
2.39721987E-03           2.23510448E+13   
2.39907530E-03           2.20870951E+13   
2.40093361E-03           2.37120296E+13   
2.40279480E-03           2.60049314E+13   
2.40465888E-03           2.68629657E+13   
2.40652585E-03           2.63885664E+13   
2.40839572E-03           2.57568263E+13   
2.41026850E-03           2.59813314E+13   
2.41214420E-03           2.64800898E+13   
2.41402282E-03           2.65932173E+13   
2.41590436E-03           2.63981855E+13   
2.41778884E-03           2.60629460E+13   
2.41967627E-03           2.62914664E+13   
2.42156664E-03           2.72200624E+13   
2.42345997E-03           2.78395447E+13   
2.42535626E-03           2.76757471E+13   
2.42725552E-03           2.68406777E+13   
2.42915776E-03           2.64261940E+13   
2.43106298E-03           2.63641121E+13   
2.43297119E-03           2.65461931E+13   
2.43488241E-03           2.66622917E+13   
2.43679662E-03           2.63889789E+13   
2.43871385E-03           2.58420988E+13   
2.44063410E-03           2.53862532E+13   
2.44255737E-03           2.57444184E+13   
2.44448368E-03           2.61969561E+13   
2.44641303E-03           2.62070441E+13   
2.44834543E-03           2.68236136E+13   
2.45028088E-03           2.75804253E+13   
2.45221939E-03           2.76104141E+13   
2.45416097E-03           2.67919079E+13   
2.45610564E-03           2.60956966E+13   
2.45805338E-03           2.55445934E+13   
2.46000422E-03           2.54130371E+13   
2.46195815E-03           2.55959752E+13   
2.46391519E-03           2.56368592E+13   
2.46587535E-03           2.54351156E+13   
2.46783863E-03           2.52887086E+13   
2.46980503E-03           2.49950459E+13   
2.47177458E-03           2.44698433E+13   
2.47374726E-03           2.47132021E+13   
2.47572310E-03           2.58817647E+13   
2.47770209E-03           2.65284552E+13   
2.47968426E-03           2.63803608E+13   
2.48166959E-03           2.61407824E+13   
2.48365811E-03           2.60015694E+13   
2.48564982E-03           2.56415787E+13   
2.48764472E-03           2.51156808E+13   
2.48964283E-03           2.51615532E+13   
2.49164415E-03           2.58129485E+13   
2.49364869E-03           2.64307860E+13   
2.49565646E-03           2.63067442E+13   
2.49766747E-03           2.59349507E+13   
2.49968172E-03           2.63598965E+13   
2.50169922E-03           2.71417823E+13   
2.50371998E-03           2.74269790E+13   
2.50574400E-03           2.73829111E+13   
2.50777130E-03           2.71085421E+13   
2.50980189E-03           2.65536709E+13   
2.51183576E-03           2.60973897E+13   
2.51387294E-03           2.57684928E+13   
2.51591342E-03           2.53232753E+13   
2.51795722E-03           2.46084692E+13   
2.52000434E-03           2.43069409E+13   
2.52205479E-03           2.47881647E+13   
2.52410858E-03           2.53324198E+13   
2.52616572E-03           2.56993909E+13   
2.52822622E-03           2.59266143E+13   
2.53029007E-03           2.58053645E+13   
2.53235731E-03           2.52516164E+13   
2.53442792E-03           2.45636299E+13   
2.53650192E-03           2.39721464E+13   
2.53857932E-03           2.38846958E+13   
2.54066012E-03           2.40046653E+13   
2.54274434E-03           2.37532651E+13   
2.54483198E-03           2.31972137E+13   
2.54692305E-03           2.29770162E+13   
2.54901756E-03           2.28426063E+13   
2.55111551E-03           2.31885332E+13   
2.55321693E-03           2.35818434E+13   
2.55532181E-03           2.35797925E+13   
2.55743016E-03           2.37736892E+13   
2.55954199E-03           2.39804094E+13   
2.56165732E-03           2.38234719E+13   
2.56377614E-03           2.39243672E+13   
2.56589847E-03           2.41702125E+13   
2.56802432E-03           2.46221902E+13   
2.57015370E-03           2.44368225E+13   
2.57228660E-03           2.43003612E+13   
2.57442306E-03           2.44802517E+13   
2.57656306E-03           2.41247664E+13   
2.57870662E-03           2.36478622E+13   
2.58085376E-03           2.32821867E+13   
2.58300447E-03           2.35776062E+13   
2.58515877E-03           2.39595176E+13   
2.58731667E-03           2.34937379E+13   
2.58947817E-03           2.32190264E+13   
2.59164328E-03           2.30801117E+13   
2.59381202E-03           2.28947010E+13   
2.59598440E-03           2.29176386E+13   
2.59816041E-03           2.28200228E+13   
2.60034008E-03           2.23961909E+13   
2.60252340E-03           2.21072341E+13   
2.60471040E-03           2.23035376E+13   
2.60690107E-03           2.27830399E+13   
2.60909543E-03           2.28707309E+13   
2.61129349E-03           2.29183059E+13   
2.61349526E-03           2.28473046E+13   
2.61570074E-03           2.21545170E+13   
2.61790995E-03           2.14715698E+13   
2.62012289E-03           2.13976701E+13   
2.62233958E-03           2.15968457E+13   
2.62456002E-03           2.18855585E+13   
2.62678422E-03           2.19528335E+13   
2.62901220E-03           2.13361012E+13   
2.63124396E-03           2.05358021E+13   
2.63347951E-03           2.00729791E+13   
2.63571887E-03           1.99450738E+13   
2.63796203E-03           1.99644442E+13   
2.64020902E-03           2.02318251E+13   
2.64245984E-03           2.03325685E+13   
2.64471450E-03           2.03692836E+13   
2.64697301E-03           2.01845200E+13   
2.64923538E-03           1.99186069E+13   
2.65150162E-03           1.99429998E+13   
2.65377174E-03           1.97100599E+13   
2.65604575E-03           1.96094540E+13   
2.65832367E-03           1.97274850E+13   
2.66060549E-03           2.01122361E+13   
2.66289123E-03           2.02404319E+13   
2.66518091E-03           1.97179515E+13   
2.66747453E-03           1.89819306E+13   
2.66977209E-03           1.89760655E+13   
2.67207362E-03           1.95657552E+13   
2.67437912E-03           1.97540844E+13   
2.67668860E-03           2.01550960E+13   
2.67900208E-03           2.08036946E+13   
2.68131955E-03           2.11448597E+13   
2.68364104E-03           2.11264055E+13   
2.68596656E-03           2.10111156E+13   
2.68829610E-03           2.06911923E+13   
2.69062970E-03           2.00840240E+13   
2.69296734E-03           1.95578201E+13   
2.69530905E-03           1.95308231E+13   
2.69765484E-03           1.96171840E+13   
2.70000472E-03           1.93636223E+13   
2.70235869E-03           1.91527655E+13   
2.70471677E-03           1.88836198E+13   
2.70707897E-03           1.88755713E+13   
2.70944529E-03           1.92738397E+13   
2.71181576E-03           1.94113439E+13   
2.71419038E-03           1.93487207E+13   
2.71656917E-03           1.94265117E+13   
2.71895212E-03           1.93113602E+13   
2.72133926E-03           1.86792215E+13   
2.72373060E-03           1.81372068E+13   
2.72612614E-03           1.79622079E+13   
2.72852590E-03           1.77533569E+13   
2.73092989E-03           1.75166784E+13   
2.73333812E-03           1.70458510E+13   
2.73575060E-03           1.64514602E+13   
2.73816734E-03           1.63280383E+13   
2.74058836E-03           1.69564601E+13   
2.74301366E-03           1.77687363E+13   
2.74544325E-03           1.80046971E+13   
2.74787716E-03           1.77874923E+13   
2.75031538E-03           1.77683862E+13   
2.75275794E-03           1.77098962E+13   
2.75520483E-03           1.75115026E+13   
2.75765608E-03           1.70290636E+13   
2.76011170E-03           1.65657480E+13   
2.76257169E-03           1.67104779E+13   
2.76503608E-03           1.68321077E+13   
2.76750486E-03           1.66102212E+13   
2.76997806E-03           1.68083296E+13   
2.77245568E-03           1.66698418E+13   
2.77493773E-03           1.59342637E+13   
2.77742424E-03           1.54157455E+13   
2.77991520E-03           1.47744213E+13   
2.78241064E-03           1.45660909E+13   
2.78491056E-03           1.50151076E+13   
2.78741497E-03           1.53154972E+13   
2.78992390E-03           1.53227737E+13   
2.79243735E-03           1.51146309E+13   
2.79495532E-03           1.48859983E+13   
2.79747785E-03           1.46638062E+13   
2.80000493E-03           1.43946357E+13   
2.80253658E-03           1.41746850E+13   
2.80507281E-03           1.44919341E+13   
2.80761364E-03           1.46961491E+13   
2.81015908E-03           1.43711502E+13   
2.81270913E-03           1.36318156E+13   
2.81526382E-03           1.30906468E+13   
2.81782315E-03           1.30235898E+13   
2.82038714E-03           1.30455496E+13   
2.82295580E-03           1.30203871E+13   
2.82552914E-03           1.25329721E+13   
2.82810718E-03           1.19341366E+13   
2.83068993E-03           1.19583214E+13   
2.83327740E-03           1.23067955E+13   
2.83586960E-03           1.27868111E+13   
2.83846655E-03           1.35765885E+13   
2.84106826E-03           1.41064432E+13   
2.84367475E-03           1.37416001E+13   
2.84628602E-03           1.31601327E+13   
2.84890210E-03           1.29921664E+13   
2.85152298E-03           1.28906838E+13   
2.85414869E-03           1.26838050E+13   
2.85677925E-03           1.24427599E+13   
2.85941465E-03           1.23332157E+13   
2.86205493E-03           1.25090142E+13   
2.86470008E-03           1.22850116E+13   
2.86735013E-03           1.17390740E+13   
2.87000508E-03           1.17412191E+13   
2.87266496E-03           1.14664553E+13   
2.87532977E-03           1.02172130E+13   
2.87799953E-03           9.01903439E+12   
2.88067425E-03           8.49890102E+12   
2.88335395E-03           8.61208209E+12   
2.88603864E-03           9.05110518E+12   
2.88872833E-03           9.70630859E+12   
2.89142304E-03           1.00184768E+13   
2.89412278E-03           1.00967991E+13   
2.89682757E-03           1.01022817E+13   
2.89953742E-03           9.88173240E+12   
2.90225234E-03           9.62397153E+12   
2.90497236E-03           9.88372505E+12   
2.90769747E-03           1.01800456E+13   
2.91042771E-03           1.02227113E+13   
2.91316307E-03           1.00754629E+13   
2.91590358E-03           1.00659845E+13   
2.91864926E-03           1.05324144E+13   
2.92140011E-03           1.08316332E+13   
2.92415615E-03           1.03183860E+13   
2.92691739E-03           9.62101935E+12   
2.92968385E-03           8.95544658E+12   
2.93245555E-03           8.44222165E+12   
2.93523250E-03           8.54337623E+12   
2.93801471E-03           9.04579886E+12   
2.94080220E-03           9.25504702E+12   
2.94359499E-03           9.48138248E+12   
2.94639308E-03           9.63762036E+12   
2.94919650E-03           9.08946003E+12   
2.95200526E-03           8.61263982E+12   
2.95481938E-03           8.45180945E+12   
2.95763887E-03           8.59974694E+12   
2.96046374E-03           8.50741860E+12   
2.96329401E-03           8.28944971E+12   
2.96612970E-03           7.99182071E+12   
2.96897082E-03           7.80773087E+12   
2.97181739E-03           7.75853200E+12   
2.97466942E-03           7.96770133E+12   
2.97752694E-03           8.32204996E+12   
2.98038994E-03           8.07238208E+12   
2.98325846E-03           7.75345484E+12   
2.98613251E-03           7.44067825E+12   
2.98901210E-03           7.36654460E+12   
2.99189725E-03           7.38025225E+12   
2.99478797E-03           7.60318037E+12   
2.99768428E-03           7.72034717E+12   
3.00058621E-03           7.68062183E+12   
3.00349375E-03           7.93941722E+12   
3.00640694E-03           8.17506444E+12   
3.00932578E-03           8.28457520E+12   
3.01225030E-03           8.23903529E+12   
3.01518050E-03           8.27915131E+12   
3.01811642E-03           8.23796685E+12   
3.02105805E-03           7.85273432E+12   
3.02400543E-03           7.77471574E+12   
3.02695856E-03           8.14908696E+12   
3.02991746E-03           8.53802661E+12   
3.03288216E-03           8.76500142E+12   
3.03585266E-03           8.59273536E+12   
3.03882899E-03           8.22514561E+12   
3.04181116E-03           8.00531987E+12   
3.04479919E-03           7.74518555E+12   
3.04779309E-03           7.77618335E+12   
3.05079289E-03           7.62535283E+12   
3.05379860E-03           7.23670416E+12   
3.05681024E-03           7.41633166E+12   
3.05982782E-03           7.79521476E+12   
3.06285137E-03           7.66613104E+12   
3.06588089E-03           7.63936215E+12   
3.06891642E-03           7.67751984E+12   
3.07195796E-03           7.49711658E+12   
3.07500554E-03           7.50708447E+12   
3.07805917E-03           7.87447002E+12   
3.08111888E-03           8.21554641E+12   
3.08418467E-03           8.21902698E+12   
3.08725657E-03           8.15868089E+12   
3.09033459E-03           8.16608584E+12   
3.09341876E-03           7.59943392E+12   
3.09650909E-03           7.37150143E+12   
3.09960560E-03           7.40844685E+12   
3.10270831E-03           6.96260362E+12   
3.10581724E-03           6.66404718E+12   
3.10893240E-03           6.76100749E+12   
3.11205382E-03           6.58130203E+12   
3.11518152E-03           5.92588987E+12   
3.11831550E-03           4.98068320E+12   
3.12145580E-03           4.26454022E+12   
3.12460243E-03           3.75352889E+12   
3.12775541E-03           3.65450232E+12   
3.13091476E-03           4.22982297E+12   
3.13408050E-03           4.88686954E+12   
3.13725265E-03           5.01245513E+12   
3.14043123E-03           4.64165510E+12   
3.14361625E-03           4.21270225E+12   
3.14680774E-03           3.75095607E+12   
3.15000572E-03           3.00782844E+12   
3.15321020E-03           2.70754566E+12   
3.15642121E-03           2.87104708E+12   
3.15963877E-03           3.37932374E+12   
3.16286289E-03           3.88075615E+12   
3.16609360E-03           4.21959871E+12   
3.16933092E-03           4.46798900E+12   
3.17257486E-03           4.64142205E+12   
3.17582545E-03           4.66376310E+12   
3.17908271E-03           4.64214920E+12   
3.18234665E-03           4.57334912E+12   
3.18561731E-03           4.04826130E+12   
3.18889470E-03           3.59319201E+12   
3.19217883E-03           3.37284154E+12   
3.19546974E-03           3.27337953E+12   
3.19876744E-03           3.34309370E+12   
3.20207195E-03           3.40269961E+12   
3.20538330E-03           3.37508850E+12   
3.20870151E-03           3.29901702E+12   
3.21202659E-03           3.14806675E+12   
3.21535857E-03           2.93280687E+12   
3.21869747E-03           2.99536734E+12   
3.22204331E-03           3.11669611E+12   
3.22539611E-03           2.87268827E+12   
3.22875590E-03           2.66009761E+12   
3.23212270E-03           2.48315022E+12   
3.23549652E-03           2.51897607E+12   
3.23887740E-03           2.62420229E+12   
3.24226535E-03           2.57232750E+12   
3.24566039E-03           2.50737914E+12   
3.24906255E-03           2.88244802E+12   
3.25247186E-03           3.35660546E+12   
3.25588832E-03           3.55753324E+12   
3.25931197E-03           3.53279866E+12   
3.26274282E-03           3.31792201E+12   
3.26618091E-03           3.08081601E+12   
3.26962625E-03           3.13041723E+12   
3.27307887E-03           3.24816227E+12   
3.27653879E-03           3.35412865E+12   
3.28000602E-03           3.68216977E+12   
3.28348061E-03           3.94189072E+12   
3.28696256E-03           4.03495199E+12   
3.29045191E-03           3.71627623E+12   
3.29394867E-03           3.48153065E+12   
3.29745287E-03           3.17862512E+12   
3.30096454E-03           3.00855209E+12   
3.30448369E-03           3.01226313E+12   
3.30801036E-03           2.76701125E+12   
3.31154456E-03           2.64427324E+12   
3.31508632E-03           2.82490595E+12   
3.31863567E-03           2.79982347E+12   
3.32219262E-03           2.50293684E+12   
3.32575721E-03           2.69078176E+12   
3.32932945E-03           3.37488626E+12   
3.33290938E-03           3.72162834E+12   
3.33649701E-03           3.67493701E+12   
3.34009238E-03           3.58761974E+12   
3.34369550E-03           3.42873054E+12   
3.34730640E-03           3.52386199E+12   
3.35092511E-03           3.73977123E+12   
3.35455166E-03           3.69972122E+12   
3.35818606E-03           3.82384610E+12   
3.36182835E-03           3.80526366E+12   
3.36547854E-03           3.70068575E+12   
3.36913667E-03           3.92760982E+12   
3.37280277E-03           3.89344056E+12   
3.37647685E-03           3.50332313E+12   
3.38015894E-03           3.58593417E+12   
3.38384907E-03           3.74052834E+12   
3.38754727E-03           3.77952870E+12   
3.39125356E-03           3.71608051E+12   
3.39496797E-03           3.46735030E+12   
3.39869052E-03           3.36046776E+12   
3.40242125E-03           3.29588249E+12   
3.40616018E-03           3.40956398E+12   
3.40990733E-03           3.33923451E+12   
3.41366274E-03           3.28404606E+12   
3.41742642E-03           3.52273467E+12   
3.42119842E-03           3.31213359E+12   
3.42497875E-03           2.95414636E+12   
3.42876745E-03           2.71939522E+12   
3.43256454E-03           2.70053105E+12   
3.43637004E-03           2.56279419E+12   
3.44018400E-03           2.53356022E+12   
3.44400642E-03           2.71615363E+12   
3.44783736E-03           2.82974449E+12   
3.45167682E-03           2.79267586E+12   
3.45552485E-03           2.62434010E+12   
3.45938146E-03           2.41973032E+12   
3.46324670E-03           2.15467830E+12   
3.46712058E-03           2.35239935E+12   
3.47100313E-03           2.52410714E+12   
3.47489439E-03           2.50027901E+12   
3.47879439E-03           2.46432793E+12   
3.48270315E-03           2.27741876E+12   
3.48662070E-03           2.33471128E+12   
3.49054708E-03           2.51197496E+12   
3.49448231E-03           2.38570904E+12   
3.49842642E-03           2.28132829E+12   
3.50237945E-03           2.39851520E+12   
3.50634142E-03           2.58091867E+12   
3.51031237E-03           2.33705571E+12   
3.51429231E-03           1.95578434E+12   
3.51828130E-03           1.77695883E+12   
3.52227935E-03           1.89129942E+12   
3.52628649E-03           2.17370698E+12   
3.53030277E-03           2.42220456E+12   
3.53432820E-03           2.63898373E+12   
3.53836283E-03           2.78495067E+12   
3.54240667E-03           2.64627326E+12   
3.54645977E-03           2.29731520E+12   
3.55052216E-03           1.82662969E+12   
3.55459386E-03           1.98653480E+12   
3.55867491E-03           2.25736133E+12   
3.56276534E-03           2.08715177E+12   
3.56686519E-03           1.95422538E+12   
3.57097449E-03           1.91275148E+12   
3.57509326E-03           1.85127657E+12   
3.57922155E-03           2.15636104E+12   
3.58335938E-03           2.28080265E+12   
3.58750679E-03           2.23230037E+12   
3.59166381E-03           2.30750193E+12   
3.59583047E-03           2.30805774E+12   
3.60000682E-03           2.53382976E+12   
3.60419288E-03           2.36935652E+12   
3.60838868E-03           2.02992834E+12   
3.61259426E-03           1.99153532E+12   
3.61680966E-03           1.71589156E+12   
3.62103491E-03           1.94827491E+12   
3.62527004E-03           2.40892861E+12   
3.62951509E-03           2.43062696E+12   
3.63377009E-03           2.44431954E+12   
3.63803509E-03           2.43573294E+12   
3.64231010E-03           2.50233347E+12   
3.64659517E-03           2.49593865E+12   
3.65089034E-03           2.41009386E+12   
3.65519564E-03           2.24564040E+12   
3.65951110E-03           1.99959049E+12   
3.66383677E-03           2.10734107E+12   
3.66817267E-03           1.94439215E+12   
3.67251885E-03           1.63780127E+12   
3.67687534E-03           1.95984526E+12   
3.68124218E-03           1.97002393E+12   
3.68561941E-03           1.78725937E+12   
3.69000705E-03           1.64120913E+12   
3.69440516E-03           9.39434332E+11   
3.69881376E-03           8.62915464E+11   
3.70323289E-03           2.02834047E+12   
3.70766260E-03           1.74131873E+12   
3.71210292E-03           1.36034653E+12   
3.71655388E-03           1.49400123E+12   
3.72101554E-03           1.72582342E+12   
3.72548791E-03           2.02506300E+12   
3.72997106E-03           1.98187130E+12   
3.73446500E-03           1.87754112E+12   
3.73896979E-03           1.86314187E+12   
3.74348545E-03           1.89124877E+12   
3.74801204E-03           2.45898345E+12   
3.75254959E-03           2.76492525E+12   
3.75709814E-03           1.15254922E+12   
3.76165773E-03           1.69624054E+12   
3.76622839E-03           2.11160356E+12   
3.77081018E-03           1.69091188E+12   
3.77540314E-03           1.77096687E+12   
3.78000729E-03           1.51199770E+12   
3.78462269E-03           1.36058048E+12   
3.78924937E-03           1.00308143E+12   
3.79388738E-03           1.20538199E+12   
3.79853675E-03           1.36428175E+12   
3.80319754E-03           1.40336011E+12   
3.80786977E-03           1.14992406E+12   
3.81255350E-03           1.24252210E+12   
3.81724877E-03           9.51469720E+11   
3.82195561E-03           1.09906133E+12   
3.82667408E-03           8.76920606E+11   
3.83140421E-03           6.76401630E+11   
3.83614605E-03           8.02781470E+11   
3.84089965E-03           9.35035185E+11   
3.84566503E-03           9.14258937E+11   
3.85044226E-03           8.43746352E+11   
3.85523137E-03           7.97665643E+11   
3.86003241E-03           6.98539406E+11   
3.86484542E-03           8.98685028E+11   
3.86967045E-03           8.54483793E+11   
3.87450754E-03           8.84122270E+11   
3.87935674E-03           1.14872679E+12   
3.88421810E-03           9.18494272E+11   
3.88909165E-03           9.12456235E+11   
3.89397745E-03           7.22498033E+11   
3.89887554E-03           8.37006876E+11   
3.90378596E-03           7.93479225E+11   
3.90870877E-03           8.47578817E+11   
3.91364402E-03           9.39759639E+11   
3.91859174E-03           7.91528916E+11   
3.92355198E-03           8.10644479E+11   
3.92852480E-03           7.80515706E+11   
3.93351024E-03           7.94877710E+11   
3.93850836E-03           8.36156305E+11   
3.94351918E-03           8.30871434E+11   
3.94854278E-03           8.67100562E+11   
3.95357919E-03           9.19721299E+11   
3.95862847E-03           8.07039813E+11   
3.96369065E-03           8.21825607E+11   
3.96876581E-03           7.71070644E+11   
3.97385397E-03           7.82302306E+11   
3.97895520E-03           8.56483078E+11   
3.98406954E-03           8.99136982E+11   
3.98919705E-03           7.92689312E+11   
3.99433777E-03           8.24931735E+11   
3.99949176E-03           5.33302053E+11   
4.00465907E-03           7.19509554E+11   
4.00983974E-03           6.44579437E+11   
4.01503384E-03           7.03266127E+11   
4.02024141E-03           6.94766578E+11   
4.02546251E-03           7.13620825E+11   
4.03069719E-03           7.25515429E+11   
4.03594549E-03           6.67261818E+11   
4.04120749E-03           6.00571699E+11   
4.04648322E-03           5.51895497E+11   
4.05177274E-03           5.82675260E+11   
4.05707612E-03           6.05658246E+11   
4.06239339E-03           6.07826965E+11   
4.06772462E-03           6.27722083E+11   
4.07306986E-03           6.13983454E+11   
4.07842917E-03           5.93604356E+11   
4.08380260E-03           6.26014154E+11   
4.08919020E-03           5.53289503E+11   
4.09459204E-03           5.29256467E+11   
4.10000818E-03           5.18321924E+11   
4.10543865E-03           4.75122163E+11   
4.11088354E-03           4.62274396E+11   
4.11634288E-03           4.87650564E+11   
4.12181675E-03           4.41706932E+11   
4.12730519E-03           4.45613131E+11   
4.13280827E-03           4.48150948E+11   
4.13832604E-03           4.84384054E+11   
4.14385857E-03           4.80635287E+11   
4.14940591E-03           4.66574328E+11   
4.15496812E-03           5.08641573E+11   
4.16054526E-03           5.01392941E+11   
4.16613740E-03           5.17361953E+11   
4.17174459E-03           5.07532494E+11   
4.17736689E-03           4.51642494E+11   
4.18300437E-03           5.05365937E+11   
4.18865708E-03           5.56572530E+11   
4.19432509E-03           4.82230712E+11   
4.20000847E-03           4.66675556E+11   
4.20570726E-03           5.04470948E+11   
4.21142154E-03           5.58105297E+11   
4.21715137E-03           4.76160907E+11   
4.22289682E-03           5.20739652E+11   
4.22865794E-03           4.93047607E+11   
4.23443480E-03           4.84242539E+11   
4.24022746E-03           5.49727959E+11   
4.24603600E-03           5.38291724E+11   
4.25186047E-03           5.27394307E+11   
4.25770094E-03           5.30539924E+11   
4.26355748E-03           5.00389259E+11   
4.26943016E-03           4.67765155E+11   
4.27531903E-03           4.60887187E+11   
4.28122418E-03           4.30464253E+11   
4.28714565E-03           3.77086419E+11   
4.29308353E-03           3.26214183E+11   
4.29903789E-03           3.30021798E+11   
4.30500878E-03           3.00602149E+11   
4.31099628E-03           2.91308229E+11   
4.31700046E-03           2.77715918E+11   
4.32302138E-03           2.60894772E+11   
4.32905913E-03           2.67603157E+11   
4.33511376E-03           1.98316632E+11   
4.34118536E-03           1.70991967E+11   
4.34727398E-03           1.68848434E+11   
4.35337971E-03           1.86032156E+11   
4.35950261E-03           2.11693413E+11   
4.36564276E-03           2.56989073E+11   
4.37180023E-03           2.60532050E+11   
4.37797510E-03           2.73813028E+11   
4.38416743E-03           2.41787901E+11   
4.39037731E-03           2.61530775E+11   
4.39660480E-03           2.53390074E+11   
4.40284998E-03           2.11542365E+11   
4.40911293E-03           1.84260653E+11   
4.41539373E-03           1.31794718E+11   
4.42169244E-03           1.00684160E+11   
4.42800915E-03           9.69611212E+10   
4.43434394E-03           1.37059276E+11   
4.44069687E-03           1.50654252E+11   
4.44706803E-03           1.81714440E+11   
4.45345751E-03           1.95790137E+11   
4.45986537E-03           1.99570163E+11   
4.46629169E-03           2.08836133E+11   
4.47273656E-03           2.30456575E+11   
4.47920006E-03           2.41585261E+11   
4.48568227E-03           2.53260898E+11   
4.49218326E-03           2.04211920E+11   
4.49870313E-03           2.22370992E+11   
4.50524195E-03           1.90781712E+11   
4.51179981E-03           1.64181979E+11   
4.51837678E-03           1.61179831E+11   
4.52497296E-03           1.89561473E+11   
4.53158842E-03           1.92761467E+11   
4.53822326E-03           2.04201967E+11   
4.54487755E-03           1.90451493E+11   
4.55155139E-03           1.77313594E+11   
4.55824485E-03           2.03749739E+11   
4.56495804E-03           1.95215956E+11   
4.57169102E-03           2.28933908E+11   
4.57844389E-03           2.53192874E+11   
4.58521675E-03           2.04429139E+11   
4.59200967E-03           2.19858351E+11   
4.59882275E-03           2.29362996E+11   
4.60565607E-03           2.53168777E+11   
4.61250973E-03           2.42012772E+11   
4.61938382E-03           2.34039948E+11   
4.62627843E-03           2.19031987E+11   
4.63319366E-03           1.96966035E+11   
4.64012958E-03           2.03824260E+11   
4.64708631E-03           2.08397467E+11   
4.65406392E-03           2.17689348E+11   
4.66106252E-03           2.26429222E+11   
4.66808220E-03           2.20571668E+11   
4.67512306E-03           2.30125460E+11   
4.68218519E-03           2.03745910E+11   
4.68926868E-03           2.03164864E+11   
4.69637364E-03           1.93534558E+11   
4.70350017E-03           1.60903385E+11   
4.71064835E-03           1.49860023E+11   
4.71781830E-03           1.42371641E+11   
4.72501010E-03           1.42944276E+11   
4.73222386E-03           1.28803164E+11   
4.73945969E-03           1.38449245E+11   
4.74671768E-03           1.20725174E+11   
4.75399793E-03           1.00368192E+11   
4.76130054E-03           1.01372473E+11   
4.76862563E-03           1.18096475E+11   
4.77597329E-03           1.15508800E+11   
4.78334363E-03           1.06914539E+11   
4.79073675E-03           1.23927947E+11   
4.79815276E-03           1.28445353E+11   
4.80559176E-03           1.22782241E+11   
4.81305387E-03           1.47221905E+11   
4.82053919E-03           1.33672007E+11   
4.82804783E-03           1.15975691E+11   
4.83557989E-03           9.53423414E+10   
4.84313550E-03           9.58250545E+10   
4.85071475E-03           9.33234798E+10   
4.85831776E-03           9.47353689E+10   
4.86594464E-03           8.35720633E+10   
4.87359550E-03           1.13361624E+11   
4.88127047E-03           8.05106513E+10   
4.88896964E-03           1.11593687E+11   
4.89669314E-03           9.48106524E+10   
4.90444108E-03           5.91140676E+10   
4.91221358E-03           4.91172179E+10   
4.92001076E-03           8.42804993E+10   
4.92783272E-03           9.02831373E+10   
4.93567960E-03           9.30981071E+10   
4.94355151E-03           8.83966847E+10   
4.95144857E-03           1.05974657E+11   
4.95937089E-03           8.48735640E+10   
4.96731861E-03           5.70982717E+10   
4.97529185E-03           7.63173841E+10   
4.98329072E-03           9.58138616E+10   
4.99131535E-03           1.14385286E+11   
4.99936587E-03           8.42781139E+10   
5.00744240E-03           6.18954349E+10   
5.01554507E-03           9.56487555E+10   
5.02367400E-03           1.32150315E+11   
5.03182933E-03           1.19461499E+11   
5.04001118E-03           1.13664178E+11   
5.04821968E-03           9.54427768E+10   
5.05645495E-03           1.09477539E+11   
5.06471715E-03           9.58659100E+10   
5.07300638E-03           9.09095992E+10   
5.08132280E-03           9.39467825E+10   
5.08966653E-03           1.17923257E+11   
5.09803770E-03           1.14513627E+11   
5.10643645E-03           9.04556818E+10   
5.11486293E-03           7.89157895E+10   
5.12331726E-03           9.12198738E+10   
5.13179958E-03           6.40926432E+10   
5.14031004E-03           3.89998649E+10   
5.14884878E-03           6.42048344E+10   
5.15741592E-03           8.27350194E+10   
5.16601163E-03           4.72673650E+10   
5.17463603E-03           3.97255698E+10   
5.18328928E-03           6.27147355E+10   
5.19197152E-03           4.63860933E+10   
5.20068290E-03           6.78598895E+10   
5.20942355E-03           4.35843646E+10   
5.21819364E-03           8.39428603E+10   
5.22699330E-03           9.50056183E+10   
5.23582270E-03           4.19652073E+10   
5.24468197E-03           1.37335463E+11   
5.25357127E-03           8.34704976E+10   
5.26249076E-03           6.44999416E+10   
5.27144059E-03           5.91649145E+10   
5.28042091E-03           6.66940034E+10   
5.28943188E-03           5.76131824E+10   
5.29847366E-03           7.15046718E+10   
5.30754640E-03           1.00775776E+11   
5.31665027E-03           3.82247097E+10   
5.32578542E-03           7.29620009E+10   
5.33495201E-03           5.56340016E+10   
5.34415022E-03           5.92468671E+10   
5.35338020E-03           7.24886572E+10   
5.36264212E-03           6.63321595E+10   
5.37193614E-03           7.76201567E+10   
5.38126243E-03           8.88713050E+10   
5.39062116E-03           6.23202842E+10   
5.40001250E-03           7.94664036E+10   
5.40943662E-03           7.17313636E+10   
5.41889369E-03           5.21091403E+10   
5.42838389E-03           1.05181507E+11   
5.43790739E-03           1.05504201E+11   
5.44746436E-03           8.74824006E+10   
5.45705498E-03           6.20761509E+10   
5.46667943E-03           5.42543706E+10   
5.47633789E-03           1.15996919E+11   
5.48603054E-03           1.14318759E+11   
5.49575756E-03           7.44674339E+10   
5.50551913E-03           6.71211969E+10   
5.51531544E-03           6.10864219E+10   
5.52514668E-03           5.83504867E+10   
5.53501303E-03           6.86656737E+10   
5.54491468E-03           6.75356354E+10   
5.55485182E-03           7.52604005E+10   
5.56482464E-03           4.34725210E+10   
5.57483333E-03           4.90071270E+10   
5.58487809E-03           7.74160268E+10   
5.59495912E-03           7.09775954E+10   
5.60507660E-03           5.48317253E+10   
5.61523074E-03           9.23802755E+10   
5.62542174E-03           3.31646757E+10   
5.63564979E-03           4.78500113E+10   
5.64591511E-03           6.62737292E+10   
5.65621789E-03           6.43906871E+10   
5.66655835E-03           4.70583952E+10   
5.67693667E-03           6.06783469E+10   
5.68735309E-03           4.59708969E+10   
5.69780780E-03           4.83595590E+10   
5.70830102E-03           5.96647421E+10   
5.71883296E-03           4.80661842E+10   
5.72940383E-03           6.60973071E+10   
5.74001386E-03           6.03106239E+10   
5.75066325E-03           7.23903617E+10   
5.76135223E-03           5.26708512E+10   
5.77208103E-03           7.55476786E+10   
5.78284985E-03           3.43279224E+10   
5.79365894E-03           7.20558266E+10   
5.80450851E-03           5.78612151E+10   
5.81539879E-03           6.43997078E+10   
5.82633001E-03           6.19645294E+10   
5.83730240E-03           3.91195289E+10   
5.84831620E-03           6.18540439E+10   
5.85937163E-03           6.98915758E+10   
5.87046895E-03           3.44699980E+10   
5.88160838E-03           3.72343788E+10   
5.89279016E-03           6.32697438E+10   
5.90401455E-03           3.83606079E+10   
5.91528177E-03           6.79284445E+10   
5.92659208E-03           7.25495203E+10   
5.93794573E-03           5.88713247E+10   
5.94934296E-03           7.06632241E+10   
5.96078402E-03           3.95763304E+10   
5.97226917E-03           6.24272911E+10   
5.98379867E-03           4.90248334E+10   
5.99537277E-03           2.59501346E+10   
6.00699174E-03           5.97293699E+10   
6.01865582E-03           3.07554426E+10   
6.03036529E-03           5.39619056E+10   
6.04212041E-03           7.18664905E+10   
6.05392145E-03           5.77173774E+10   
6.06576867E-03           4.87597477E+10   
6.07766236E-03           6.16363576E+10   
6.08960278E-03           1.54924352E+10   
6.10159021E-03           2.51650903E+10   
6.11362493E-03           3.21900555E+10   
6.12570722E-03           6.95762049E+10   
6.13783735E-03           5.47235701E+10   
6.15001563E-03           5.65650136E+10   
6.16224232E-03           5.80315165E+10   
6.17451773E-03           5.76860915E+10   
6.18684214E-03           5.59072521E+10   
6.19921585E-03           2.41226796E+10   
6.21163915E-03           5.03518444E+10   
6.22411235E-03           4.10359226E+10   
6.23663574E-03           4.06346547E+10   
6.24920963E-03           4.29919492E+10   
6.26183432E-03           6.19393729E+10   
6.27451012E-03           5.87189126E+10   
6.28723735E-03           4.78030079E+10   
6.30001631E-03           5.27606586E+10   
6.31284733E-03           5.15081689E+10   
6.32573072E-03           5.29067369E+10   
6.33866680E-03           5.11573299E+10   
6.35165590E-03           4.76435032E+10   
6.36469834E-03           4.78510812E+10   
6.37779446E-03           4.80988745E+10   
6.39094458E-03           4.38482052E+10   
6.40414903E-03           4.33232724E+10   
6.41740817E-03           4.44207213E+10   
6.43072232E-03           4.53789905E+10   
6.44409184E-03           3.71022440E+10   
6.45751706E-03           3.88510734E+10   
6.47099833E-03           4.29586769E+10   
6.48453602E-03           4.51179618E+10   
6.49813046E-03           5.25214527E+10   
6.51178203E-03           5.14704705E+10   
6.52549107E-03           5.81462313E+10   
6.53925796E-03           5.27098938E+10   
6.55308306E-03           4.77138557E+10   
6.56696674E-03           5.05561126E+10   
6.58090938E-03           4.92899495E+10   
6.59491135E-03           5.02429524E+10   
6.60897302E-03           5.43064115E+10   
6.62309479E-03           4.69425851E+10   
6.63727704E-03           4.60412526E+10   
6.65152016E-03           4.18841733E+10   
6.66582454E-03           3.87669282E+10   
6.68019057E-03           4.03253139E+10   
6.69461866E-03           4.80313215E+10   
6.70910921E-03           4.73328011E+10   
6.72366263E-03           4.06274752E+10   
6.73827932E-03           4.03636611E+10   
6.75295970E-03           4.56177313E+10   
6.76770419E-03           4.39216860E+10   
6.78251321E-03           4.35595142E+10   
6.79738717E-03           4.65197548E+10   
6.81232652E-03           4.58067094E+10   
6.82733168E-03           4.92606461E+10   
6.84240309E-03           4.42909686E+10   
6.85754119E-03           3.95657690E+10   
6.87274642E-03           3.98812101E+10   
6.88801923E-03           4.76115191E+10   
6.90336006E-03           3.76435376E+10   
6.91876939E-03           3.46615432E+10   
6.93424766E-03           3.69319042E+10   
6.94979534E-03           3.95816635E+10   
6.96541289E-03           4.22629831E+10   
6.98110080E-03           4.31495617E+10   
6.99685953E-03           4.88445138E+10   
7.01268957E-03           5.04849604E+10   
7.02859140E-03           3.87714637E+10   
7.04456552E-03           3.68996074E+10   
7.06061241E-03           4.36387847E+10   
7.07673257E-03           3.93410263E+10   
7.09292651E-03           3.25940796E+10   
7.10919473E-03           4.56198202E+10   
7.12553775E-03           4.05784287E+10   
7.14195608E-03           4.70854415E+10   
7.15845025E-03           4.73037016E+10   
7.17502078E-03           3.35276106E+10   
7.19166821E-03           3.68547989E+10   
7.20839306E-03           2.85658822E+10   
7.22519589E-03           3.37969213E+10   
7.24207723E-03           2.88601036E+10   
7.25903765E-03           3.31426514E+10   
7.27607769E-03           3.64386245E+10   
7.29319792E-03           3.82061849E+10   
7.31039890E-03           3.12493971E+10   
7.32768122E-03           2.85661622E+10   
7.34504544E-03           2.72168271E+10   
7.36249215E-03           3.16770024E+10   
7.38002195E-03           4.24701471E+10   
7.39763541E-03           3.37745261E+10   
7.41533316E-03           2.98265166E+10   
7.43311578E-03           3.35499456E+10   
7.45098390E-03           4.51203124E+10   
7.46893813E-03           4.34740507E+10   
7.48697910E-03           3.05697204E+10   
7.50510743E-03           3.40626443E+10   
7.52332376E-03           3.40359335E+10   
7.54162874E-03           3.23410029E+10   
7.56002301E-03           1.96592022E+10   
7.57850723E-03           2.96638713E+10   
7.59708206E-03           3.22258293E+10   
7.61574816E-03           2.56127840E+10   
7.63450622E-03           2.64881960E+10   
7.65335691E-03           3.12588175E+10   
7.67230092E-03           3.26881945E+10   
7.69133895E-03           2.05414464E+10   
7.71047169E-03           2.32413653E+10   
7.72969986E-03           2.91747566E+10   
7.74902417E-03           2.17253304E+10   
7.76844534E-03           3.24891475E+10   
7.78796411E-03           4.02324369E+10   
7.80758121E-03           3.27661824E+10   
7.82729739E-03           3.41561565E+10   
7.84711340E-03           2.97274748E+10   
7.86702999E-03           3.64326532E+10   
7.88704794E-03           3.91888471E+10   
7.90716803E-03           3.16621871E+10   
7.92739103E-03           3.15380834E+10   
7.94771774E-03           3.54742852E+10   
7.96814896E-03           3.80738555E+10   
7.98868550E-03           2.26869733E+10   
8.00932816E-03           2.48334471E+10   
8.03007779E-03           2.94837391E+10   
8.05093520E-03           2.30583835E+10   
8.07190125E-03           2.66886566E+10   
8.09297678E-03           3.05478453E+10   
8.11416266E-03           2.46070278E+10   
8.13545975E-03           2.28040729E+10   
8.15686892E-03           3.77155027E+10   
8.17839108E-03           3.74827875E+10   
8.20002711E-03           3.08119795E+10   
8.22177792E-03           2.79539876E+10   
8.24364443E-03           2.90078931E+10   
8.26562756E-03           3.47938953E+10   
8.28772825E-03           3.75624453E+10   
8.30994744E-03           2.35822184E+10   
8.33228609E-03           3.49174287E+10   
8.35474516E-03           3.56612248E+10   
8.37732564E-03           3.44170525E+10   
8.40002850E-03           2.96317221E+10   
8.42285475E-03           3.22345362E+10   
8.44580539E-03           3.17001961E+10   
8.46888145E-03           3.03615635E+10   
8.49208395E-03           2.56556791E+10   
8.51541394E-03           3.22194391E+10   
8.53887247E-03           2.67982231E+10   
8.56246060E-03           3.17099254E+10   
8.58617942E-03           2.62466549E+10   
8.61003001E-03           3.55009596E+10   
8.63401348E-03           2.39560577E+10   
8.65813093E-03           3.10313784E+10   
8.68238349E-03           2.34504969E+10   
8.70677230E-03           2.42125464E+10   
8.73129852E-03           2.68253948E+10   
8.75596330E-03           2.30387976E+10   
8.78076783E-03           2.25845122E+10   
8.80571329E-03           2.47439673E+10   
8.83080090E-03           2.99270056E+10   
8.85603186E-03           2.00905565E+10   
8.88140741E-03           2.44678987E+10   
8.90692880E-03           2.07263967E+10   
8.93259729E-03           2.54469325E+10   
8.95841416E-03           2.37282507E+10   
8.98438068E-03           3.08094556E+10   
9.01049818E-03           3.08466248E+10   
9.03676796E-03           2.56248850E+10   
9.06319137E-03           2.99340073E+10   
9.08976976E-03           2.85489573E+10   
9.11650450E-03           2.93655226E+10   
9.14339696E-03           3.19274606E+10   
9.17044854E-03           2.70880319E+10   
9.19766068E-03           2.45595082E+10   
9.22503479E-03           2.92963913E+10   
9.25257233E-03           2.60477232E+10   
9.28027476E-03           2.13147278E+10   
9.30814358E-03           2.06153672E+10   
9.33618029E-03           2.06461641E+10   
9.36438640E-03           2.67095021E+10   
9.39276346E-03           2.63267626E+10   
9.42131302E-03           2.68587478E+10   
9.45003667E-03           2.51290491E+10   
9.47893600E-03           2.11167744E+10   
9.50801263E-03           1.60300936E+10   
9.53726819E-03           1.71931090E+10   
9.56670434E-03           2.31101781E+10   
9.59632276E-03           2.67417228E+10   
9.62612515E-03           3.52028901E+10   
9.65611323E-03           2.86945617E+10   
9.68628873E-03           3.42415885E+10   
9.71665342E-03           2.80721469E+10   
9.74720908E-03           2.51014559E+10   
9.77795753E-03           2.24089330E+10   
9.80890059E-03           1.86717470E+10   
9.84004011E-03           2.15816500E+10   
9.87137798E-03           2.38615822E+10   
9.90291609E-03           2.27536226E+10   
9.93465636E-03           2.68379523E+10   
9.96660076E-03           2.78825371E+10   
9.99875125E-03           3.15409382E+10   
1.00311098E-02           2.40862595E+10   
1.00636786E-02           2.10597607E+10   
